casme¢ò-5c   acc:0.8313253012048193   f1:0.8313253012048193   uf1:0.8283613258287552   uar:0.8373196248196247
[50, 2, 9, 2, 0]
[0, 26, 3, 2, 1]
[7, 5, 83, 4, 0]
[0, 3, 3, 21, 0]
[0, 0, 0, 1, 27]
casme¢ò-5c   acc:0.8152610441767069   f1:0.8152610441767069   uf1:0.8074289081916497   uar:0.8149951899951899
[49, 1, 13, 0, 0]
[1, 28, 2, 0, 1]
[4, 8, 82, 5, 0]
[2, 7, 1, 17, 0]
[0, 0, 0, 1, 27]
casme¢ò-5c   acc:0.8433734939759037   f1:0.8433734939759037   uf1:0.8503570313811577   uar:0.8568542568542569
[55, 2, 5, 1, 0]
[0, 24, 6, 1, 1]
[12, 2, 80, 5, 0]
[1, 0, 2, 24, 0]
[0, 1, 0, 0, 27]
casme¢ò-5c   acc:0.8755020080321285   f1:0.8755020080321284   uf1:0.8629207686815997   uar:0.8603174603174603
[58, 1, 3, 1, 0]
[1, 24, 6, 0, 1]
[5, 4, 88, 2, 0]
[2, 3, 1, 21, 0]
[0, 0, 0, 1, 27]
casme¢ò-5c   acc:0.8192771084337349   f1:0.819277108433735   uf1:0.8136498297355793   uar:0.8227873977873978
[54, 1, 8, 0, 0]
[1, 28, 2, 0, 1]
[11, 5, 78, 4, 1]
[1, 3, 4, 17, 2]
[0, 0, 0, 1, 27]
casme¢ò-5c   acc:0.8353413654618473   f1:0.8353413654618473   uf1:0.8216446130691912   uar:0.8360179172679173
[57, 2, 3, 1, 0]
[0, 27, 2, 2, 1]
[11, 4, 79, 5, 0]
[0, 5, 1, 20, 1]
[0, 1, 1, 1, 25]
casme¢ò-5c   acc:0.8393574297188755   f1:0.8393574297188755   uf1:0.8280424151012387   uar:0.8276455026455027
[49, 3, 10, 1, 0]
[1, 28, 2, 0, 1]
[3, 3, 88, 4, 1]
[1, 3, 4, 19, 0]
[0, 1, 1, 1, 25]
casme¢ò-5c   acc:0.8473895582329317   f1:0.8473895582329318   uf1:0.8364459628734349   uar:0.8404010341510342
[54, 2, 7, 0, 0]
[0, 25, 4, 3, 0]
[5, 5, 85, 2, 2]
[1, 5, 1, 20, 0]
[0, 0, 1, 0, 27]
casme¢ò-5c   acc:0.8192771084337349   f1:0.819277108433735   uf1:0.8151739926739927   uar:0.8183291245791245
[54, 0, 9, 0, 0]
[3, 23, 4, 0, 2]
[7, 6, 80, 5, 1]
[1, 2, 2, 22, 0]
[0, 1, 1, 1, 25]
casme¢ò-5c   acc:0.8433734939759037   f1:0.8433734939759037   uf1:0.8404703254707664   uar:0.8480008417508417
[53, 3, 7, 0, 0]
[2, 25, 4, 0, 1]
[6, 5, 83, 4, 1]
[0, 5, 0, 22, 0]
[0, 0, 1, 0, 27]
casme¢ò-3c   acc:0.9230769230769231   f1:0.9230769230769231   uf1:0.9080971659919029   uar:0.9012896825396827
[92, 3, 1]
[6, 25, 1]
[1, 0, 27]
casme¢ò-3c   acc:0.9166666666666666   f1:0.9166666666666666   uf1:0.9009613493482452   uar:0.896329365079365
[91, 2, 3]
[6, 26, 0]
[1, 1, 26]
casme¢ò-3c   acc:0.9358974358974359   f1:0.9358974358974359   uf1:0.9214140271956671   uar:0.9067460317460316
[94, 1, 1]
[5, 26, 1]
[2, 0, 26]
casme¢ò-3c   acc:0.9294871794871795   f1:0.9294871794871795   uf1:0.9222169337352583   uar:0.9241071428571429
[90, 5, 1]
[3, 29, 0]
[2, 0, 26]
casme¢ò-3c   acc:0.9230769230769231   f1:0.9230769230769231   uf1:0.8982098302626566   uar:0.8844246031746031
[94, 0, 2]
[6, 25, 1]
[1, 2, 25]
casme¢ò-3c   acc:0.9358974358974359   f1:0.9358974358974359   uf1:0.9197617158474074   uar:0.9012896825396827
[95, 0, 1]
[7, 24, 1]
[1, 0, 27]
casme¢ò-3c   acc:0.9038461538461539   f1:0.9038461538461539   uf1:0.8919354385354076   uar:0.9117063492063493
[86, 7, 3]
[3, 28, 1]
[1, 0, 27]
casme¢ò-3c   acc:0.9102564102564102   f1:0.9102564102564102   uf1:0.8910557904571871   uar:0.8859126984126983
[91, 4, 1]
[6, 25, 1]
[1, 1, 26]
casme¢ò-3c   acc:0.9166666666666666   f1:0.9166666666666666   uf1:0.894350367301187   uar:0.8923611111111112
[92, 1, 3]
[7, 23, 2]
[0, 0, 28]
casme¢ò-3c   acc:0.9230769230769231   f1:0.9230769230769231   uf1:0.9069709821317069   uar:0.9012896825396827
[92, 1, 3]
[6, 25, 1]
[1, 0, 27]
samm-5c   acc:0.7794117647058824   f1:0.7794117647058824   uf1:0.7290420601020244   uar:0.7126450742240216
[56, 0, 1, 0, 0]
[1, 9, 2, 0, 0]
[6, 0, 18, 2, 0]
[3, 1, 3, 14, 5]
[2, 1, 3, 0, 9]
samm-5c   acc:0.8088235294117647   f1:0.8088235294117648   uf1:0.7670063955876313   uar:0.7682726045883941
[53, 0, 3, 1, 0]
[0, 11, 1, 0, 0]
[2, 2, 20, 1, 1]
[2, 1, 3, 18, 2]
[1, 0, 4, 2, 8]
samm-5c   acc:0.8088235294117647   f1:0.8088235294117648   uf1:0.765407942601378   uar:0.7400809716599189
[56, 0, 0, 1, 0]
[2, 8, 1, 1, 0]
[4, 0, 19, 3, 0]
[1, 0, 4, 17, 4]
[1, 0, 1, 3, 10]
samm-5c   acc:0.7794117647058824   f1:0.7794117647058824   uf1:0.7148447204968944   uar:0.7149527665317139
[56, 0, 1, 0, 0]
[0, 8, 1, 0, 3]
[4, 2, 18, 1, 1]
[2, 1, 5, 13, 5]
[1, 0, 3, 0, 11]
samm-5c   acc:0.8014705882352942   f1:0.8014705882352942   uf1:0.7125128257007509   uar:0.6941835357624832
[56, 0, 0, 1, 0]
[1, 5, 5, 1, 0]
[2, 0, 23, 1, 0]
[0, 0, 3, 17, 6]
[1, 0, 5, 1, 8]
samm-5c   acc:0.8235294117647058   f1:0.8235294117647058   uf1:0.7659055810440644   uar:0.7563157894736843
[55, 0, 1, 1, 0]
[1, 7, 3, 1, 0]
[2, 2, 21, 1, 0]
[1, 1, 4, 18, 2]
[0, 1, 2, 1, 11]
samm-5c   acc:0.8088235294117647   f1:0.8088235294117648   uf1:0.7643304843304843   uar:0.7344399460188934
[56, 0, 1, 0, 0]
[0, 8, 2, 2, 0]
[2, 0, 18, 5, 1]
[5, 0, 1, 19, 1]
[0, 0, 4, 2, 9]
samm-5c   acc:0.7720588235294118   f1:0.7720588235294118   uf1:0.6914906832298137   uar:0.6738461538461539
[57, 0, 0, 0, 0]
[4, 6, 2, 0, 0]
[3, 2, 20, 1, 0]
[4, 1, 5, 13, 3]
[1, 2, 3, 0, 9]
smic-3c   acc:0.7804878048780488   f1:0.7804878048780488   uf1:0.7816438063153391   uar:0.7863526806071266
[53, 8, 9]
[9, 39, 3]
[5, 2, 36]
smic-3c   acc:0.7926829268292683   f1:0.7926829268292683   uf1:0.7929755529786799   uar:0.7989664082687339
[56, 5, 9]
[15, 34, 2]
[1, 2, 40]
smic-3c   acc:0.7987804878048781   f1:0.7987804878048782   uf1:0.8018280016618197   uar:0.7964323713981717
[57, 7, 6]
[11, 40, 0]
[7, 2, 34]
smic-3c   acc:0.7804878048780488   f1:0.7804878048780488   uf1:0.7752925136120196   uar:0.7656222178793999
[64, 2, 4]
[19, 29, 3]
[8, 0, 35]
smic-3c   acc:0.7804878048780488   f1:0.7804878048780488   uf1:0.7780164697457931   uar:0.7857946279286908
[54, 6, 10]
[9, 37, 5]
[2, 4, 37]
smic-3c   acc:0.8048780487804879   f1:0.8048780487804877   uf1:0.8101605939179324   uar:0.8041843093826678
[57, 7, 6]
[11, 40, 0]
[8, 0, 35]
smic-3c   acc:0.8109756097560976   f1:0.8109756097560975   uf1:0.8127425004306561   uar:0.8107202570950861
[57, 9, 4]
[7, 41, 3]
[8, 0, 35]
smic-3c   acc:0.8109756097560976   f1:0.8109756097560975   uf1:0.8125753980143274   uar:0.8214643997133737
[53, 7, 10]
[7, 42, 2]
[3, 2, 38]
smic-3c   acc:0.7926829268292683   f1:0.7926829268292683   uf1:0.7936775158997381   uar:0.7892384860921112
[56, 8, 6]
[9, 42, 0]
[8, 3, 32]
smic-3c   acc:0.7804878048780488   f1:0.7804878048780488   uf1:0.7858288463741552   uar:0.7952228953596943
[48, 16, 6]
[5, 44, 2]
[6, 1, 36]
full-3c   acc:0.9050772626931567   f1:0.9050772626931568   uf1:0.8913864000810725   uar:0.894696915819169
[239, 11, 8]
[11, 94, 4]
[5, 4, 77]
full-3c   acc:0.891832229580574   f1:0.891832229580574   uf1:0.8748400399894365   uar:0.8736339283597657
[241, 4, 13]
[19, 85, 5]
[5, 3, 78]
full-3c   acc:0.9006622516556292   f1:0.9006622516556292   uf1:0.8864349058857067   uar:0.8772965412606974
[244, 6, 8]
[16, 90, 3]
[10, 2, 74]
full-3c   acc:0.891832229580574   f1:0.891832229580574   uf1:0.8773732094463802   uar:0.8728160633430528
[241, 8, 9]
[19, 86, 4]
[7, 2, 77]
full-3c   acc:0.891832229580574   f1:0.891832229580574   uf1:0.8804199598119385   uar:0.8745821776545054
[240, 13, 5]
[19, 87, 3]
[7, 2, 77]
full-3c   acc:0.8962472406181016   f1:0.8962472406181016   uf1:0.8837018701870187   uar:0.8930611857857431
[233, 17, 8]
[8, 96, 5]
[6, 3, 77]
full-3c   acc:0.8807947019867549   f1:0.8807947019867549   uf1:0.8623049538295399   uar:0.8673043643173791
[235, 13, 10]
[13, 88, 8]
[7, 3, 76]
full-3c   acc:0.8962472406181016   f1:0.8962472406181016   uf1:0.8811630440851653   uar:0.8798805205888628
[240, 10, 8]
[15, 90, 4]
[6, 4, 76]
full-3c   acc:0.8830022075055187   f1:0.8830022075055186   uf1:0.8710696134008663   uar:0.8668302396700093
[237, 16, 5]
[19, 87, 3]
[7, 3, 76]
full-3c   acc:0.8874172185430463   f1:0.8874172185430463   uf1:0.8710510858695035   uar:0.8738946969158192
[236, 13, 9]
[12, 91, 6]
[8, 3, 75]
focal-without weighted    full-3c   acc:0.8852097130242825   f1:0.8852097130242825   uf1:0.865899089908991   uar:0.8586041770381433
[242, 5, 11]
[17, 86, 6]
[11, 2, 73]
focal-without weighted    full-3c   acc:0.891832229580574   f1:0.891832229580574   uf1:0.8747789200829703   uar:0.8616622810136785
[245, 6, 7]
[18, 87, 4]
[12, 2, 72]
focal-without weighted    full-3c   acc:0.8962472406181016   f1:0.8962472406181016   uf1:0.8837001055273656   uar:0.8825948841950547
[238, 13, 7]
[13, 93, 3]
[8, 3, 75]
focal-without weighted    full-3c   acc:0.8896247240618101   f1:0.8896247240618101   uf1:0.8726702280274292   uar:0.8594220420548563
[245, 6, 7]
[20, 85, 4]
[11, 2, 73]
focal-without weighted    full-3c   acc:0.8962472406181016   f1:0.8962472406181016   uf1:0.8773908283953262   uar:0.87199819832634
[244, 7, 7]
[16, 87, 6]
[7, 4, 75]
focal-without weighted    full-3c   acc:0.8874172185430463   f1:0.8874172185430463   uf1:0.8708069498368759   uar:0.8642462603418438
[241, 7, 10]
[19, 87, 3]
[8, 4, 74]
focal-without weighted    full-3c   acc:0.8984547461368654   f1:0.8984547461368654   uf1:0.8859507096795233   uar:0.8724723229737098
[245, 10, 3]
[19, 88, 2]
[9, 3, 74]
focal-without weighted    full-3c   acc:0.8984547461368654   f1:0.8984547461368654   uf1:0.8816201359304808   uar:0.8785885309247802
[242, 6, 10]
[14, 90, 5]
[8, 3, 75]
focal-without weighted    full-3c   acc:0.8940397350993378   f1:0.8940397350993377   uf1:0.8826072499327573   uar:0.8847047388758504
[236, 10, 12]
[14, 92, 3]
[8, 1, 77]
without-attention  full-3c   acc:0.9006622516556292   f1:0.9006622516556292   uf1:0.888967516448892   uar:0.9061114667045965
[230, 15, 13]
[7, 99, 3]
[2, 5, 79]
without-attention  full-3c   acc:0.9028697571743929   f1:0.9028697571743929   uf1:0.8913328773445884   uar:0.8890548325154682
[240, 9, 9]
[13, 93, 3]
[9, 1, 76]
without-attention  full-3c   acc:0.8940397350993378   f1:0.8940397350993377   uf1:0.8771923252233925   uar:0.8761349358746413
[239, 11, 8]
[12, 93, 4]
[8, 5, 73]
without-attention  full-3c   acc:0.8940397350993378   f1:0.8940397350993377   uf1:0.8858269480664963   uar:0.8837564895811109
[237, 14, 7]
[18, 90, 1]
[6, 2, 78]
without-attention  full-3c   acc:0.8984547461368654   f1:0.8984547461368654   uf1:0.8860738888671849   uar:0.8951710404665386
[234, 15, 9]
[8, 95, 6]
[7, 1, 78]
without-attention  full-3c   acc:0.8984547461368654   f1:0.8984547461368654   uf1:0.8889059024881846   uar:0.8934049261550862
[235, 14, 9]
[12, 94, 3]
[7, 1, 78]
without-attention  full-3c   acc:0.8874172185430463   f1:0.8874172185430463   uf1:0.868848851406991   uar:0.8728160633430528
[238, 9, 11]
[16, 86, 7]
[4, 4, 78]
without-attention  full-3c   acc:0.9028697571743929   f1:0.9028697571743929   uf1:0.8880629492362982   uar:0.8942227911717989
[238, 9, 11]
[9, 93, 7]
[7, 1, 78]
without-attention  full-3c   acc:0.8962472406181016   f1:0.8962472406181016   uf1:0.8797945306707837   uar:0.8853092478012469
[236, 8, 14]
[8, 96, 5]
[9, 3, 74]
without-attention  full-3c   acc:0.8940397350993378   f1:0.8940397350993377   uf1:0.8809918408975013   uar:0.8811725102529455
[238, 12, 8]
[14, 90, 5]
[8, 1, 77]
casme¢ò-5c   acc:0.8032128514056225   f1:0.8032128514056225   uf1:0.7886171291510639   uar:0.7761153198653199
[50, 1, 12, 0, 0]
[0, 25, 6, 0, 1]
[4, 5, 85, 4, 1]
[2, 4, 7, 14, 0]
[0, 0, 2, 0, 26]
casme¢ò-5c   acc:0.7951807228915663   f1:0.7951807228915663   uf1:0.787192927740107   uar:0.7787608225108225
[46, 2, 14, 1, 0]
[2, 25, 3, 0, 2]
[6, 3, 85, 4, 1]
[1, 3, 5, 18, 0]
[0, 2, 2, 0, 24]
casme¢ò-5c   acc:0.7991967871485943   f1:0.7991967871485943   uf1:0.7766016216014722   uar:0.7587301587301587
[49, 0, 14, 0, 0]
[1, 24, 4, 2, 1]
[2, 8, 88, 1, 0]
[1, 5, 5, 15, 1]
[0, 0, 4, 1, 23]
casme¢ò-5c   acc:0.8313253012048193   f1:0.8313253012048193   uf1:0.8141703261478804   uar:0.8073142135642135
[49, 0, 12, 2, 0]
[1, 23, 4, 2, 2]
[3, 5, 90, 1, 0]
[1, 4, 4, 18, 0]
[0, 0, 0, 1, 27]
casme¢ò-5c   acc:0.8112449799196787   f1:0.8112449799196787   uf1:0.808328769332603   uar:0.8017045454545453
[50, 0, 11, 1, 1]
[1, 25, 3, 2, 1]
[9, 2, 83, 5, 0]
[0, 2, 7, 18, 0]
[0, 0, 1, 1, 26]
casme¢ò-5c   acc:0.7911646586345381   f1:0.791164658634538   uf1:0.77022173994934   uar:0.7587812650312651
[52, 0, 11, 0, 0]
[1, 23, 2, 5, 1]
[11, 1, 83, 3, 1]
[0, 5, 8, 14, 0]
[0, 1, 2, 0, 25]
casme¢ò-5c   acc:0.8152610441767069   f1:0.8152610441767069   uf1:0.79218412600416   uar:0.7664051226551228
[53, 2, 7, 1, 0]
[0, 23, 6, 2, 1]
[8, 0, 89, 2, 0]
[0, 0, 15, 12, 0]
[0, 0, 1, 1, 26]
casme¢ò-5c   acc:0.8072289156626506   f1:0.8072289156626506   uf1:0.760892758915964   uar:0.7754359066859067
[59, 2, 2, 0, 0]
[2, 27, 1, 1, 1]
[11, 6, 79, 3, 0]
[2, 5, 5, 10, 5]
[1, 0, 1, 0, 26]
casme¢ò-5c   acc:0.8152610441767069   f1:0.8152610441767069   uf1:0.7929287561268593   uar:0.7828282828282828
[54, 1, 6, 2, 0]
[2, 24, 5, 0, 1]
[9, 3, 85, 2, 0]
[1, 5, 5, 15, 1]
[0, 0, 2, 1, 25]
casme¢ò-5c   acc:0.8032128514056225   f1:0.8032128514056225   uf1:0.7644925617018641   uar:0.7488035113035114
[56, 0, 7, 0, 0]
[2, 22, 6, 1, 1]
[7, 5, 86, 1, 0]
[1, 5, 11, 10, 0]
[0, 1, 1, 0, 26]
casme¢ò-3c   acc:0.9102564102564102   f1:0.9102564102564102   uf1:0.8835263004797548   uar:0.8705357142857143
[93, 1, 2]
[7, 24, 1]
[1, 2, 25]
casme¢ò-3c   acc:0.8910256410256411   f1:0.8910256410256411   uf1:0.8672323510300807   uar:0.871031746031746
[88, 6, 2]
[3, 28, 1]
[3, 2, 23]
casme¢ò-3c   acc:0.8653846153846154   f1:0.8653846153846154   uf1:0.8471861471861472   uar:0.8779761904761904
[81, 11, 4]
[1, 31, 0]
[2, 3, 23]
casme¢ò-3c   acc:0.9038461538461539   f1:0.9038461538461539   uf1:0.8842364532019703   uar:0.8740079365079364
[91, 1, 4]
[6, 25, 1]
[3, 0, 25]
casme¢ò-3c   acc:0.9166666666666666   f1:0.9166666666666666   uf1:0.8825792943440002   uar:0.8625992063492064
[95, 1, 0]
[5, 26, 1]
[2, 4, 22]
casme¢ò-3c   acc:0.9038461538461539   f1:0.9038461538461539   uf1:0.8838383838383838   uar:0.8655753968253969
[92, 3, 1]
[6, 25, 1]
[4, 0, 24]
casme¢ò-3c   acc:0.9166666666666666   f1:0.9166666666666666   uf1:0.8976683937823834   uar:0.8948412698412698
[91, 3, 2]
[4, 27, 1]
[2, 1, 25]
casme¢ò-3c   acc:0.9102564102564102   f1:0.9102564102564102   uf1:0.8874122351884554   uar:0.878968253968254
[92, 0, 4]
[7, 24, 1]
[1, 1, 26]
casme¢ò-3c   acc:0.9230769230769231   f1:0.9230769230769231   uf1:0.8964550214384289   uar:0.8745039682539684
[95, 0, 1]
[5, 26, 1]
[3, 2, 23]
casme¢ò-3c   acc:0.8974358974358975   f1:0.8974358974358975   uf1:0.8835519192365279   uar:0.8829365079365079
[88, 7, 1]
[4, 28, 0]
[3, 1, 24]
samm-5c   acc:0.8088235294117647   f1:0.8088235294117648   uf1:0.7457307060755336   uar:0.727165991902834
[54, 0, 0, 3, 0]
[0, 5, 2, 5, 0]
[4, 0, 21, 1, 0]
[1, 1, 3, 19, 2]
[0, 0, 2, 2, 11]
samm-5c   acc:0.8088235294117647   f1:0.8088235294117648   uf1:0.7368400622025792   uar:0.7187989203778677
[56, 0, 0, 1, 0]
[1, 5, 5, 1, 0]
[1, 0, 23, 0, 2]
[2, 0, 7, 15, 2]
[0, 0, 4, 0, 11]
samm-5c   acc:0.8382352941176471   f1:0.8382352941176471   uf1:0.7334155844155845   uar:0.7161538461538461
[57, 0, 0, 0, 0]
[4, 3, 2, 3, 0]
[1, 0, 22, 2, 1]
[1, 0, 2, 23, 0]
[0, 1, 4, 1, 9]
samm-5c   acc:0.8161764705882353   f1:0.8161764705882353   uf1:0.7196485867074103   uar:0.7043589743589743
[57, 0, 0, 0, 0]
[0, 3, 5, 3, 1]
[2, 0, 19, 4, 1]
[3, 0, 2, 21, 0]
[0, 0, 3, 1, 11]
samm-5c   acc:0.8235294117647058   f1:0.8235294117647058   uf1:0.741087155865481   uar:0.7276923076923076
[57, 0, 0, 0, 0]
[0, 6, 3, 3, 0]
[2, 0, 22, 1, 1]
[1, 4, 2, 18, 1]
[0, 0, 5, 1, 9]
samm-5c   acc:0.7720588235294118   f1:0.7720588235294118   uf1:0.7169653524492234   uar:0.6878542510121457
[55, 0, 1, 1, 0]
[1, 6, 4, 1, 0]
[3, 0, 21, 2, 0]
[5, 0, 6, 13, 2]
[0, 0, 4, 1, 10]
samm-5c   acc:0.7941176470588235   f1:0.7941176470588235   uf1:0.72102885620127   uar:0.6954655870445344
[56, 0, 0, 1, 0]
[1, 6, 4, 1, 0]
[1, 0, 19, 5, 1]
[0, 0, 5, 19, 2]
[1, 0, 3, 3, 8]
samm-5c   acc:0.7867647058823529   f1:0.7867647058823529   uf1:0.7131270735112859   uar:0.6958974358974359
[57, 0, 0, 0, 0]
[1, 8, 2, 0, 1]
[2, 0, 20, 3, 1]
[5, 1, 2, 15, 3]
[1, 1, 3, 3, 7]
samm-5c   acc:0.8161764705882353   f1:0.8161764705882353   uf1:0.7462847399829496   uar:0.7152091767881242
[56, 0, 1, 0, 0]
[0, 5, 7, 0, 0]
[1, 0, 23, 1, 1]
[1, 0, 7, 18, 0]
[0, 0, 5, 1, 9]
samm-5c   acc:0.7647058823529411   f1:0.7647058823529412   uf1:0.6824559270516717   uar:0.6849527665317139
[56, 0, 0, 1, 0]
[1, 7, 2, 1, 1]
[4, 1, 16, 0, 5]
[2, 4, 1, 15, 4]
[0, 1, 2, 2, 10]
samm-3c   acc:0.8796992481203008   f1:0.8796992481203008   uf1:0.8084258371988501   uar:0.7662578966926793
[90, 1, 1]
[9, 17, 0]
[2, 3, 10]
samm-3c   acc:0.9022556390977443   f1:0.9022556390977443   uf1:0.8362713675213675   uar:0.795522110739502
[91, 0, 1]
[7, 19, 0]
[2, 3, 10]
samm-3c   acc:0.8947368421052632   f1:0.8947368421052632   uf1:0.8306600886411067   uar:0.819490895577852
[87, 5, 0]
[3, 22, 1]
[1, 4, 10]
samm-3c   acc:0.8947368421052632   f1:0.8947368421052632   uf1:0.8385894516955584   uar:0.8196952805648459
[88, 4, 0]
[5, 20, 1]
[1, 3, 11]
samm-3c   acc:0.9097744360902256   f1:0.9097744360902256   uf1:0.8715009219627375   uar:0.8271460423634336
[91, 1, 0]
[8, 18, 0]
[2, 1, 12]
samm-3c   acc:0.9022556390977443   f1:0.9022556390977443   uf1:0.8511740890688259   uar:0.8141211445559272
[90, 2, 0]
[7, 19, 0]
[1, 3, 11]
samm-3c   acc:0.8947368421052632   f1:0.8947368421052632   uf1:0.8352743271221531   uar:0.8013006317354144
[90, 1, 1]
[7, 18, 1]
[3, 1, 11]
samm-3c   acc:0.8721804511278195   f1:0.8721804511278195   uf1:0.7725944306589468   uar:0.7538461538461538
[92, 0, 0]
[10, 12, 4]
[1, 2, 12]
samm-3c   acc:0.8872180451127819   f1:0.8872180451127819   uf1:0.7970843183609141   uar:0.769472315124489
[89, 3, 0]
[4, 21, 1]
[3, 4, 8]
samm-3c   acc:0.8947368421052632   f1:0.8947368421052632   uf1:0.8398431516711087   uar:0.819490895577852
[87, 4, 1]
[4, 22, 0]
[3, 2, 10]
smic-3c   acc:0.8170731707317073   f1:0.8170731707317073   uf1:0.819607843137255   uar:0.8108179705990923
[62, 3, 5]
[16, 35, 0]
[5, 1, 37]
smic-3c   acc:0.8048780487804879   f1:0.8048780487804877   uf1:0.8083615087045976   uar:0.8036262567042322
[58, 6, 6]
[13, 38, 0]
[5, 2, 36]
smic-3c   acc:0.7926829268292683   f1:0.7926829268292683   uf1:0.7928897980485067   uar:0.7917703515514732
[58, 6, 6]
[13, 35, 3]
[5, 1, 37]
smic-3c   acc:0.774390243902439   f1:0.7743902439024389   uf1:0.7724165160829205   uar:0.7619764184743665
[61, 4, 5]
[17, 33, 1]
[7, 3, 33]
smic-3c   acc:0.7926829268292683   f1:0.7926829268292683   uf1:0.7878588844106086   uar:0.7839163572405706
[59, 5, 6]
[9, 39, 3]
[7, 4, 32]
smic-3c   acc:0.7804878048780488   f1:0.7804878048780488   uf1:0.7811943476577623   uar:0.7631902373352442
[64, 2, 4]
[20, 31, 0]
[10, 0, 33]
smic-3c   acc:0.7804878048780488   f1:0.7804878048780488   uf1:0.7813656931303989   uar:0.7851366903350487
[53, 9, 8]
[9, 40, 2]
[4, 4, 35]
smic-3c   acc:0.8109756097560976   f1:0.8109756097560975   uf1:0.807656350741457   uar:0.7952120383036935
[63, 2, 5]
[11, 39, 1]
[10, 2, 31]
smic-3c   acc:0.774390243902439   f1:0.7743902439024389   uf1:0.7715626127751714   uar:0.755438299350748
[64, 2, 4]
[19, 31, 1]
[10, 1, 32]
smic-3c   acc:0.7987804878048781   f1:0.7987804878048782   uf1:0.7934680620714545   uar:0.7841139556597833
[66, 1, 3]
[21, 28, 2]
[6, 0, 37]
full-3c   acc:0.8940397350993378   f1:0.8940397350993377   uf1:0.8788633296036098   uar:0.8724723229737098
[242, 6, 10]
[18, 88, 3]
[8, 3, 75]
full-3c   acc:0.8962472406181016   f1:0.8962472406181016   uf1:0.8781246732120254   uar:0.8729464476210795
[243, 9, 6]
[15, 89, 5]
[7, 5, 74]
full-3c   acc:0.9050772626931567   f1:0.9050772626931568   uf1:0.8899881180879262   uar:0.8876324585733589
[243, 9, 6]
[13, 90, 6]
[7, 2, 77]
full-3c   acc:0.8962472406181016   f1:0.8962472406181016   uf1:0.8807870940547687   uar:0.8711803333096272
[244, 7, 7]
[17, 88, 4]
[10, 2, 74]
full-3c   acc:0.9028697571743929   f1:0.9028697571743929   uf1:0.8848512145459905   uar:0.8784581466467535
[246, 7, 5]
[16, 87, 6]
[6, 4, 76]
full-3c   acc:0.9006622516556292   f1:0.9006622516556292   uf1:0.887037919606308   uar:0.8816466349003154
[242, 8, 8]
[16, 91, 2]
[7, 4, 75]
full-3c   acc:0.9072847682119205   f1:0.9072847682119205   uf1:0.8919779868236276   uar:0.8864708531873028
[244, 7, 7]
[12, 93, 4]
[9, 3, 74]
full-3c   acc:0.8852097130242825   f1:0.8852097130242825   uf1:0.8704174110238276   uar:0.875056302301875
[235, 12, 11]
[16, 88, 5]
[5, 3, 78]
full-3c   acc:0.9006622516556292   f1:0.9006622516556292   uf1:0.8825502309148158   uar:0.8745821776545054
[246, 6, 6]
[16, 87, 6]
[8, 3, 75]
full-3c   acc:0.8962472406181016   f1:0.8962472406181016   uf1:0.8822637002445819   uar:0.8797501363108361
[241, 8, 9]
[17, 87, 5]
[7, 1, 78]
