cbam
se
without attention
focal without weighted
ce weighted

casme¢ò-5c   acc:0.8433734939759037   f1:0.8433734939759037   uf1:0.831870754393419   uar:0.8455808080808082
[57, 1, 4, 1, 0]
[2, 22, 3, 4, 1]
[7, 3, 81, 8, 0]
[0, 1, 2, 24, 0]
[0, 0, 0, 2, 26]
casme¢ò-5c   acc:0.8514056224899599   f1:0.8514056224899599   uf1:0.8426428921721942   uar:0.8501473063973064
[58, 0, 5, 0, 0]
[0, 23, 5, 3, 1]
[6, 9, 82, 2, 0]
[0, 1, 1, 25, 0]
[0, 1, 1, 2, 24]
casme¢ò-5c   acc:0.8393574297188755   f1:0.8393574297188755   uf1:0.8323339780786588   uar:0.8421386483886483
[57, 1, 4, 1, 0]
[4, 23, 3, 1, 1]
[8, 7, 80, 4, 0]
[0, 3, 2, 22, 0]
[0, 0, 0, 1, 27]
casme¢ò-5c   acc:0.8192771084337349   f1:0.819277108433735   uf1:0.7931473726756726   uar:0.7753938191438192
[55, 0, 7, 1, 0]
[2, 25, 4, 0, 1]
[9, 1, 87, 2, 0]
[0, 4, 6, 17, 0]
[0, 2, 2, 4, 20]
casme¢ò-5c   acc:0.8433734939759037   f1:0.8433734939759037   uf1:0.8334779001795825   uar:0.8536495911495912
[54, 2, 4, 2, 1]
[0, 26, 2, 3, 1]
[5, 2, 81, 11, 0]
[1, 2, 1, 23, 0]
[0, 0, 1, 1, 26]
casme¢ò-5c   acc:0.8313253012048193   f1:0.8313253012048193   uf1:0.8165964025846021   uar:0.8233645983645983
[55, 0, 8, 0, 0]
[4, 20, 4, 3, 1]
[5, 4, 83, 7, 0]
[1, 2, 0, 23, 1]
[0, 0, 1, 1, 26]
casme¢ò-5c   acc:0.8112449799196787   f1:0.8112449799196787   uf1:0.7805628414294635   uar:0.7852002164502163
[57, 1, 3, 2, 0]
[1, 19, 5, 6, 1]
[8, 3, 82, 5, 1]
[0, 3, 3, 21, 0]
[0, 4, 1, 0, 23]
casme¢ò-5c   acc:0.8514056224899599   f1:0.8514056224899599   uf1:0.848352074282307   uar:0.8551136363636364
[53, 0, 7, 3, 0]
[1, 27, 1, 2, 1]
[10, 2, 84, 3, 0]
[2, 4, 0, 21, 0]
[0, 0, 1, 0, 27]
casme¢ò-5c   acc:0.8393574297188755   f1:0.8393574297188755   uf1:0.8229009611699813   uar:0.8350980038480038
[56, 3, 4, 0, 0]
[1, 29, 0, 1, 1]
[9, 5, 81, 4, 0]
[0, 5, 1, 20, 1]
[1, 1, 1, 2, 23]
casme¢ò-5c   acc:0.8353413654618473   f1:0.8353413654618473   uf1:0.8198983902432179   uar:0.8378126503126504
[54, 2, 5, 1, 1]
[4, 22, 1, 4, 1]
[5, 6, 82, 5, 1]
[0, 3, 1, 23, 0]
[0, 0, 1, 0, 27]
casme¢ò-3c   acc:0.9166666666666666   f1:0.9166666666666666   uf1:0.8912100671371731   uar:0.8809523809523809
[93, 0, 3]
[6, 25, 1]
[1, 2, 25]
casme¢ò-3c   acc:0.9358974358974359   f1:0.9358974358974359   uf1:0.9194475963263605   uar:0.8913690476190476
[96, 0, 0]
[6, 25, 1]
[3, 0, 25]
casme¢ò-3c   acc:0.9230769230769231   f1:0.9230769230769231   uf1:0.9139376153315991   uar:0.927579365079365
[88, 4, 4]
[2, 30, 0]
[2, 0, 26]
casme¢ò-3c   acc:0.9230769230769231   f1:0.9230769230769231   uf1:0.8998392652123995   uar:0.8869047619047619
[93, 3, 0]
[3, 29, 0]
[3, 3, 22]
casme¢ò-3c   acc:0.9230769230769231   f1:0.9230769230769231   uf1:0.9051453775800272   uar:0.9067460317460316
[91, 2, 3]
[4, 27, 1]
[1, 1, 26]
casme¢ò-3c   acc:0.9102564102564102   f1:0.9102564102564102   uf1:0.8893431291227238   uar:0.8859126984126983
[91, 3, 2]
[5, 25, 2]
[2, 0, 26]
casme¢ò-3c   acc:0.9423076923076923   f1:0.9423076923076923   uf1:0.9246347972153384   uar:0.9117063492063493
[95, 0, 1]
[6, 25, 1]
[0, 1, 27]
casme¢ò-3c   acc:0.9166666666666666   f1:0.9166666666666666   uf1:0.9047075187704627   uar:0.9171626984126983
[88, 5, 3]
[3, 29, 0]
[1, 1, 26]
casme¢ò-3c   acc:0.9166666666666666   f1:0.9166666666666666   uf1:0.8944001614367872   uar:0.8586309523809524
[96, 0, 0]
[8, 23, 1]
[4, 0, 24]
casme¢ò-3c   acc:0.9358974358974359   f1:0.9358974358974359   uf1:0.9258375611316788   uar:0.9444444444444445
[89, 4, 3]
[2, 29, 1]
[0, 0, 28]
samm-5c   acc:0.8235294117647058   f1:0.8235294117647058   uf1:0.7605359552727974   uar:0.7515249662618084
[54, 0, 3, 0, 0]
[1, 6, 2, 3, 0]
[1, 2, 20, 1, 2]
[1, 0, 2, 21, 2]
[0, 0, 3, 1, 11]
samm-5c   acc:0.7941176470588235   f1:0.7941176470588235   uf1:0.7357209792567965   uar:0.7145074224021593
[52, 0, 4, 0, 1]
[0, 5, 4, 2, 1]
[2, 0, 20, 4, 0]
[3, 0, 1, 21, 1]
[2, 0, 2, 1, 10]
samm-5c   acc:0.8455882352941176   f1:0.8455882352941176   uf1:0.8063666188883578   uar:0.795033738191633
[55, 0, 2, 0, 0]
[0, 10, 1, 1, 0]
[2, 1, 20, 3, 0]
[0, 0, 4, 21, 1]
[1, 1, 3, 1, 9]
samm-5c   acc:0.8014705882352942   f1:0.8014705882352942   uf1:0.7588835002368837   uar:0.7457894736842106
[52, 0, 4, 1, 0]
[3, 7, 1, 1, 0]
[4, 2, 15, 4, 1]
[1, 0, 1, 24, 0]
[0, 1, 2, 1, 11]
samm-5c   acc:0.7941176470588235   f1:0.7941176470588235   uf1:0.7543186988898534   uar:0.7259649122807017
[53, 0, 2, 2, 0]
[0, 8, 3, 1, 0]
[3, 0, 19, 4, 0]
[3, 0, 1, 20, 2]
[2, 0, 5, 0, 8]
samm-5c   acc:0.8088235294117647   f1:0.8088235294117648   uf1:0.7714268281659585   uar:0.7695546558704452
[53, 0, 1, 2, 1]
[0, 8, 3, 1, 0]
[5, 0, 15, 1, 5]
[0, 0, 2, 21, 3]
[0, 0, 1, 1, 13]
samm-5c   acc:0.7720588235294118   f1:0.7720588235294118   uf1:0.7120442501324854   uar:0.7329689608636977
[52, 1, 3, 1, 0]
[1, 9, 2, 0, 0]
[1, 2, 16, 2, 5]
[0, 6, 2, 17, 1]
[0, 0, 2, 2, 11]
samm-5c   acc:0.7867647058823529   f1:0.7867647058823529   uf1:0.7391589524604274   uar:0.7253711201079621
[54, 0, 2, 1, 0]
[3, 8, 0, 1, 0]
[3, 0, 13, 7, 3]
[2, 0, 1, 22, 1]
[0, 1, 2, 2, 10]
samm-5c   acc:0.8308823529411765   f1:0.8308823529411766   uf1:0.7603641456582633   uar:0.7353846153846153
[57, 0, 0, 0, 0]
[1, 6, 4, 1, 0]
[3, 0, 21, 1, 1]
[1, 0, 2, 20, 3]
[0, 0, 3, 3, 9]
samm-5c   acc:0.7573529411764706   f1:0.7573529411764706   uf1:0.67484471722514   uar:0.6697975708502024
[50, 1, 2, 3, 1]
[1, 4, 6, 1, 0]
[2, 0, 21, 1, 2]
[1, 0, 4, 19, 2]
[0, 1, 3, 2, 9]
samm-3c   acc:0.8721804511278195   f1:0.8721804511278195   uf1:0.8337962962962964   uar:0.8552211073950206
[82, 7, 3]
[4, 21, 1]
[2, 0, 13]
samm-3c   acc:0.8947368421052632   f1:0.8947368421052632   uf1:0.8343411438649534   uar:0.81049795615013
[89, 2, 1]
[6, 19, 1]
[2, 2, 11]
samm-3c   acc:0.8646616541353384   f1:0.8646616541353384   uf1:0.7883238440303657   uar:0.7592159048680788
[89, 2, 1]
[10, 15, 1]
[1, 3, 11]
samm-3c   acc:0.9172932330827067   f1:0.9172932330827067   uf1:0.8850183516850184   uar:0.8675585284280937
[88, 4, 0]
[4, 22, 0]
[1, 2, 12]
samm-3c   acc:0.9097744360902256   f1:0.9097744360902256   uf1:0.8588535920718886   uar:0.8547380156075809
[88, 4, 0]
[3, 21, 2]
[1, 2, 12]
samm-3c   acc:0.924812030075188   f1:0.924812030075188   uf1:0.8717684740334019   uar:0.8621887774061686
[91, 1, 0]
[4, 19, 3]
[1, 1, 13]
samm-3c   acc:0.8646616541353384   f1:0.8646616541353384   uf1:0.8047030406365444   uar:0.8242103307320697
[85, 5, 2]
[7, 16, 3]
[0, 1, 14]
samm-3c   acc:0.9172932330827067   f1:0.9172932330827067   uf1:0.8656630824372761   uar:0.8583612040133778
[89, 2, 1]
[3, 21, 2]
[2, 1, 12]
samm-3c   acc:0.8947368421052632   f1:0.8947368421052632   uf1:0.830695432706927   uar:0.81049795615013
[89, 1, 2]
[6, 19, 1]
[2, 2, 11]
samm-3c   acc:0.8796992481203008   f1:0.8796992481203008   uf1:0.8251298637655592   uar:0.8402452619843924
[84, 7, 1]
[3, 21, 2]
[0, 3, 12]
smic-3c   acc:0.8109756097560976   f1:0.8109756097560975   uf1:0.811050443770363   uar:0.8048400755651098
[61, 4, 5]
[13, 36, 2]
[6, 1, 36]
smic-3c   acc:0.774390243902439   f1:0.7743902439024389   uf1:0.766746657685219   uar:0.7608603131174951
[63, 1, 6]
[18, 29, 4]
[7, 1, 35]
smic-3c   acc:0.7804878048780488   f1:0.7804878048780488   uf1:0.7698731280693845   uar:0.755436127939548
[67, 1, 2]
[19, 30, 2]
[8, 4, 31]
smic-3c   acc:0.7987804878048781   f1:0.7987804878048782   uf1:0.7993939393939394   uar:0.8006383948928408
[56, 7, 7]
[10, 39, 2]
[4, 3, 36]
smic-3c   acc:0.7987804878048781   f1:0.7987804878048782   uf1:0.8023101396595372   uar:0.7917681801402732
[61, 5, 4]
[17, 34, 0]
[6, 1, 36]
smic-3c   acc:0.7987804878048781   f1:0.7987804878048782   uf1:0.7944770411276011   uar:0.7840140707445769
[64, 1, 5]
[16, 33, 2]
[7, 2, 34]
smic-3c   acc:0.7987804878048781   f1:0.7987804878048782   uf1:0.7978918244875692   uar:0.8012963324864829
[57, 8, 5]
[10, 36, 5]
[4, 1, 38]
smic-3c   acc:0.774390243902439   f1:0.7743902439024389   uf1:0.770800274267803   uar:0.7560962369443902
[65, 0, 5]
[23, 28, 0]
[8, 1, 34]
smic-3c   acc:0.7926829268292683   f1:0.7926829268292683   uf1:0.7943186406982884   uar:0.7893383710073176
[58, 9, 3]
[11, 37, 3]
[7, 1, 35]
smic-3c   acc:0.7865853658536586   f1:0.7865853658536586   uf1:0.7783465410152068   uar:0.7716001129133825
[65, 0, 5]
[20, 28, 3]
[6, 1, 36]
full-3c   acc:0.9028697571743929   f1:0.9028697571743929   uf1:0.8880058193378818   uar:0.8864708531873028
[241, 9, 8]
[11, 93, 5]
[9, 2, 75]
full-3c   acc:0.8896247240618101   f1:0.8896247240618101   uf1:0.8746961887898143   uar:0.8874191024820425
[231, 15, 12]
[9, 95, 5]
[4, 5, 77]
full-3c   acc:0.8962472406181016   f1:0.8962472406181016   uf1:0.8837485269986013   uar:0.8877628428513855
[236, 10, 12]
[14, 93, 2]
[5, 4, 77]
full-3c   acc:0.8896247240618101   f1:0.8896247240618101   uf1:0.8730494843909479   uar:0.8681222293340919
[241, 7, 10]
[17, 87, 5]
[9, 2, 75]
full-3c   acc:0.8962472406181016   f1:0.8962472406181016   uf1:0.8784555691867005   uar:0.8824644999170282
[239, 8, 11]
[14, 90, 5]
[3, 6, 77]
full-3c   acc:0.8896247240618101   f1:0.8896247240618101   uf1:0.872305863302348   uar:0.8639025199725009
[242, 10, 6]
[16, 89, 4]
[10, 4, 72]
full-3c   acc:0.8896247240618101   f1:0.8896247240618101   uf1:0.8731282526728682   uar:0.8692008629068583
[239, 11, 8]
[12, 92, 5]
[12, 2, 72]
full-3c   acc:0.9050772626931567   f1:0.9050772626931568   uf1:0.8884406453067667   uar:0.9006827394922124
[237, 11, 10]
[8, 93, 8]
[2, 4, 80]
full-3c   acc:0.9006622516556292   f1:0.9006622516556292   uf1:0.8838880546389785   uar:0.8851788635232202
[240, 9, 9]
[10, 93, 6]
[8, 3, 75]
full-3c   acc:0.9006622516556292   f1:0.9006622516556292   uf1:0.8849789727792636   uar:0.895775549391935
[234, 14, 10]
[5, 99, 5]
[6, 5, 75]
full-3c   acc:0.9072847682119205   f1:0.9072847682119205   uf1:0.8889397406100238   uar:0.8969371547779911
[239, 10, 9]
[5, 96, 8]
[6, 4, 76]



casme¢ò-5c   acc:0.8152610441767069   f1:0.8152610441767069   uf1:0.8112966176124072   uar:0.8183561808561809
[55, 4, 3, 1, 0]
[2, 22, 6, 1, 1]
[12, 4, 78, 3, 2]
[1, 3, 1, 22, 0]
[0, 0, 2, 0, 26]
casme¢ò-5c   acc:0.8192771084337349   f1:0.819277108433735   uf1:0.8084145874409566   uar:0.8124368686868685
[58, 1, 4, 0, 0]
[3, 23, 1, 5, 0]
[11, 6, 78, 4, 0]
[1, 3, 2, 21, 0]
[0, 0, 3, 1, 24]
casme¢ò-5c   acc:0.8313253012048193   f1:0.8313253012048193   uf1:0.8088996950334588   uar:0.817977392977393
[55, 2, 6, 0, 0]
[1, 20, 6, 4, 1]
[3, 4, 84, 6, 2]
[2, 2, 1, 22, 0]
[0, 0, 0, 2, 26]
casme¢ò-5c   acc:0.8112449799196787   f1:0.8112449799196787   uf1:0.7952228106542828   uar:0.7955507455507457
[53, 1, 6, 2, 1]
[0, 24, 6, 2, 0]
[8, 4, 82, 5, 0]
[2, 5, 3, 17, 0]
[0, 0, 1, 1, 26]
casme¢ò-5c   acc:0.8473895582329317   f1:0.8473895582329318   uf1:0.8298874062653591   uar:0.8276064213564214
[56, 1, 4, 1, 1]
[0, 25, 3, 3, 1]
[6, 5, 86, 1, 1]
[2, 2, 2, 21, 0]
[0, 0, 4, 1, 23]
casme¢ò-5c   acc:0.8433734939759037   f1:0.8433734939759037   uf1:0.8351725736930289   uar:0.8571097883597882
[58, 2, 3, 0, 0]
[0, 27, 2, 2, 1]
[6, 9, 77, 7, 0]
[0, 4, 1, 22, 0]
[0, 0, 1, 1, 26]
casme¢ò-5c   acc:0.8514056224899599   f1:0.8514056224899599   uf1:0.8262938455099709   uar:0.8326930014430014
[60, 0, 2, 1, 0]
[3, 21, 3, 4, 1]
[8, 5, 84, 2, 0]
[1, 5, 0, 21, 0]
[0, 0, 0, 2, 26]
casme¢ò-5c   acc:0.8232931726907631   f1:0.8232931726907632   uf1:0.811249026061468   uar:0.8269931457431458
[52, 2, 8, 1, 0]
[0, 29, 1, 1, 1]
[8, 7, 80, 4, 0]
[1, 6, 1, 18, 1]
[0, 0, 0, 2, 26]
casme¢ò-5c   acc:0.8313253012048193   f1:0.8313253012048193   uf1:0.8215956558061821   uar:0.8275883838383837
[57, 1, 5, 0, 0]
[0, 23, 3, 5, 1]
[11, 4, 80, 3, 1]
[2, 2, 2, 21, 0]
[0, 1, 1, 0, 26]
casme¢ò-5c   acc:0.8473895582329317   f1:0.8473895582329318   uf1:0.8221346675005211   uar:0.806845238095238
[60, 1, 2, 0, 0]
[2, 19, 7, 3, 1]
[5, 3, 88, 3, 0]
[0, 2, 4, 21, 0]
[0, 0, 5, 0, 23]
casme¢ò-3c   acc:0.9230769230769231   f1:0.9230769230769231   uf1:0.9075123706702654   uar:0.8998015873015873
[92, 2, 2]
[5, 26, 1]
[2, 0, 26]
casme¢ò-3c   acc:0.9102564102564102   f1:0.9102564102564102   uf1:0.8922527436846549   uar:0.8859126984126983
[91, 1, 4]
[6, 25, 1]
[2, 0, 26]
casme¢ò-3c   acc:0.9102564102564102   f1:0.9102564102564102   uf1:0.8889599873602716   uar:0.8844246031746031
[91, 1, 4]
[5, 26, 1]
[2, 1, 25]
casme¢ò-3c   acc:0.9102564102564102   f1:0.9102564102564102   uf1:0.8916254600465127   uar:0.9122023809523809
[87, 6, 3]
[1, 30, 1]
[1, 2, 25]
casme¢ò-3c   acc:0.9294871794871795   f1:0.9294871794871795   uf1:0.9166396304535903   uar:0.9186507936507936
[91, 2, 3]
[5, 27, 0]
[0, 1, 27]
casme¢ò-3c   acc:0.9102564102564102   f1:0.9102564102564102   uf1:0.8933667047217586   uar:0.8943452380952381
[90, 2, 4]
[6, 25, 1]
[1, 0, 27]
casme¢ò-3c   acc:0.9230769230769231   f1:0.9230769230769231   uf1:0.9137132405339922   uar:0.908234126984127
[91, 4, 1]
[6, 26, 0]
[1, 0, 27]
casme¢ò-3c   acc:0.9166666666666666   f1:0.9166666666666666   uf1:0.8917145872369753   uar:0.8655753968253969
[95, 0, 1]
[6, 24, 2]
[4, 0, 24]
casme¢ò-3c   acc:0.9294871794871795   f1:0.9294871794871795   uf1:0.9153267372137178   uar:0.910218253968254
[92, 2, 2]
[4, 27, 1]
[2, 0, 26]
casme¢ò-3c   acc:0.9102564102564102   f1:0.9102564102564102   uf1:0.9000449842555106   uar:0.9067460317460316
[88, 5, 3]
[4, 28, 0]
[2, 0, 26]
samm-5c   acc:0.75   f1:0.75   uf1:0.6906273944630111   uar:0.677327935222672
[52, 1, 0, 2, 2]
[0, 6, 3, 3, 0]
[2, 0, 15, 9, 0]
[2, 1, 2, 19, 2]
[1, 0, 1, 3, 10]
samm-5c   acc:0.7941176470588235   f1:0.7941176470588235   uf1:0.7227044950365109   uar:0.7058974358974359
[57, 0, 0, 0, 0]
[0, 7, 3, 2, 0]
[3, 1, 19, 3, 0]
[4, 2, 2, 16, 2]
[0, 1, 4, 1, 9]
samm-5c   acc:0.7720588235294118   f1:0.7720588235294118   uf1:0.723106403400521   uar:0.7335762483130904
[54, 1, 1, 0, 1]
[0, 10, 1, 1, 0]
[5, 2, 13, 3, 3]
[3, 1, 1, 17, 4]
[1, 0, 2, 1, 11]
samm-5c   acc:0.8088235294117647   f1:0.8088235294117648   uf1:0.772815561631351   uar:0.767246963562753
[53, 0, 0, 4, 0]
[1, 9, 1, 1, 0]
[2, 0, 18, 5, 1]
[1, 0, 1, 19, 5]
[0, 1, 2, 1, 11]
samm-5c   acc:0.8088235294117647   f1:0.8088235294117648   uf1:0.7556248068496257   uar:0.7319568151147098
[55, 0, 1, 0, 1]
[0, 6, 3, 2, 1]
[6, 0, 15, 5, 0]
[3, 0, 0, 23, 0]
[1, 1, 1, 1, 11]
samm-5c   acc:0.7941176470588235   f1:0.7941176470588235   uf1:0.7419217819217819   uar:0.7263967611336032
[54, 0, 3, 0, 0]
[1, 6, 4, 0, 1]
[4, 0, 16, 4, 2]
[1, 0, 2, 20, 3]
[0, 0, 3, 0, 12]
samm-5c   acc:0.7867647058823529   f1:0.7867647058823529   uf1:0.7279325932346092   uar:0.7059649122807018
[53, 0, 1, 3, 0]
[1, 6, 2, 3, 0]
[2, 1, 16, 7, 0]
[0, 0, 2, 23, 1]
[0, 0, 2, 4, 9]
samm-5c   acc:0.7794117647058824   f1:0.7794117647058824   uf1:0.7084438702444793   uar:0.6907557354925775
[54, 0, 1, 2, 0]
[1, 5, 3, 3, 0]
[2, 0, 20, 1, 3]
[4, 0, 4, 17, 1]
[0, 1, 3, 1, 10]
samm-5c   acc:0.7720588235294118   f1:0.7720588235294118   uf1:0.7152126113242763   uar:0.6995546558704453
[53, 0, 3, 1, 0]
[2, 7, 1, 2, 0]
[5, 2, 17, 1, 1]
[1, 0, 4, 19, 2]
[0, 1, 3, 2, 9]
samm-5c   acc:0.7941176470588235   f1:0.7941176470588235   uf1:0.7356172288570607   uar:0.724089068825911
[54, 0, 1, 2, 0]
[0, 7, 3, 1, 1]
[3, 0, 22, 1, 0]
[1, 2, 7, 15, 1]
[0, 1, 3, 1, 10]
samm-3c   acc:0.8947368421052632   f1:0.8947368421052632   uf1:0.8447162156839575   uar:0.8290969899665551
[88, 4, 0]
[6, 19, 1]
[0, 3, 12]
samm-3c   acc:0.8947368421052632   f1:0.8947368421052632   uf1:0.8486772486772486   uar:0.8196952805648459
[88, 3, 1]
[6, 20, 0]
[3, 1, 11]
samm-3c   acc:0.8872180451127819   f1:0.8872180451127819   uf1:0.8322506625298947   uar:0.7976774433296172
[89, 3, 0]
[7, 18, 1]
[3, 1, 11]
samm-3c   acc:0.8947368421052632   f1:0.8947368421052632   uf1:0.8508001262718242   uar:0.838294314381271
[87, 4, 1]
[6, 20, 0]
[0, 3, 12]
samm-3c   acc:0.9097744360902256   f1:0.9097744360902256   uf1:0.8588535920718886   uar:0.8547380156075809
[88, 3, 1]
[4, 21, 1]
[0, 3, 12]
samm-3c   acc:0.9022556390977443   f1:0.9022556390977443   uf1:0.862783555312291   uar:0.8421218877740616
[89, 3, 0]
[7, 18, 1]
[1, 1, 13]
samm-3c   acc:0.8721804511278195   f1:0.8721804511278195   uf1:0.8062821606999367   uar:0.790431066518023
[87, 3, 2]
[7, 18, 1]
[2, 2, 11]
samm-3c   acc:0.9097744360902256   f1:0.9097744360902256   uf1:0.8581262600870444   uar:0.8361389817911556
[89, 2, 1]
[5, 21, 0]
[1, 3, 11]
samm-3c   acc:0.8947368421052632   f1:0.8947368421052632   uf1:0.8242630385487528   uar:0.8013006317354144
[90, 1, 1]
[7, 18, 1]
[0, 4, 11]
samm-3c   acc:0.8947368421052632   f1:0.8947368421052632   uf1:0.8475838386570786   uar:0.8288926049795614
[87, 4, 1]
[5, 21, 0]
[2, 2, 11]
smic-3c   acc:0.8048780487804879   f1:0.8048780487804877   uf1:0.8049450549450549   uar:0.7947560419516644
[63, 3, 4]
[17, 33, 1]
[6, 1, 36]
smic-3c   acc:0.7926829268292683   f1:0.7926829268292683   uf1:0.7927693114995321   uar:0.7965344277245782
[56, 6, 8]
[12, 36, 3]
[3, 2, 38]
smic-3c   acc:0.7804878048780488   f1:0.7804878048780488   uf1:0.7813729480396147   uar:0.7685123661867848
[61, 5, 4]
[16, 34, 1]
[9, 1, 33]
smic-3c   acc:0.8048780487804879   f1:0.8048780487804877   uf1:0.8053525595224249   uar:0.8018522137537185
[59, 4, 7]
[11, 37, 3]
[7, 0, 36]
smic-3c   acc:0.7865853658536586   f1:0.7865853658536586   uf1:0.7857376130242987   uar:0.7875664994680043
[56, 7, 7]
[10, 37, 4]
[5, 2, 36]
smic-3c   acc:0.8048780487804879   f1:0.8048780487804877   uf1:0.806441223832528   uar:0.8101643758278505
[55, 8, 7]
[8, 40, 3]
[5, 1, 37]
smic-3c   acc:0.7804878048780488   f1:0.7804878048780488   uf1:0.7782178671440416   uar:0.7744924326319675
[59, 4, 7]
[14, 34, 3]
[6, 2, 35]
smic-3c   acc:0.774390243902439   f1:0.7743902439024389   uf1:0.7720874513327344   uar:0.7572123423012616
[63, 5, 2]
[18, 32, 1]
[8, 3, 32]
smic-3c   acc:0.7865853658536586   f1:0.7865853658536586   uf1:0.786238634908439   uar:0.7911145853690313
[54, 4, 12]
[8, 39, 4]
[5, 2, 36]
smic-3c   acc:0.7621951219512195   f1:0.7621951219512195   uf1:0.7638629695806586   uar:0.7631967515688446
[55, 5, 10]
[14, 34, 3]
[7, 0, 36]


casme¢ò-5c   acc:0.8192771084337349   f1:0.819277108433735   uf1:0.8134941520467835   uar:0.8161736411736411
[58, 3, 2, 0, 0]
[3, 20, 7, 0, 2]
[11, 5, 78, 4, 1]
[0, 0, 2, 25, 0]
[0, 0, 4, 1, 23]
casme¢ò-5c   acc:0.8232931726907631   f1:0.8232931726907632   uf1:0.8135652089966812   uar:0.8064965127465127
[56, 0, 7, 0, 0]
[1, 23, 4, 3, 1]
[9, 5, 82, 3, 0]
[3, 2, 3, 19, 0]
[0, 1, 2, 0, 25]
casme¢ò-5c   acc:0.8192771084337349   f1:0.819277108433735   uf1:0.8047059233569431   uar:0.802161495911496
[56, 4, 2, 0, 1]
[1, 25, 4, 2, 0]
[10, 6, 81, 1, 1]
[0, 4, 6, 17, 0]
[0, 1, 2, 0, 25]
casme¢ò-5c   acc:0.8192771084337349   f1:0.819277108433735   uf1:0.805923728894904   uar:0.8030693843193843
[51, 2, 9, 1, 0]
[2, 19, 9, 1, 1]
[4, 4, 86, 4, 1]
[1, 2, 2, 22, 0]
[0, 1, 0, 1, 26]
casme¢ò-5c   acc:0.8273092369477911   f1:0.8273092369477912   uf1:0.8250334927761864   uar:0.8376082251082251
[52, 4, 7, 0, 0]
[2, 26, 2, 1, 1]
[8, 5, 80, 6, 0]
[1, 1, 3, 21, 1]
[0, 0, 0, 1, 27]
casme¢ò-5c   acc:0.8152610441767069   f1:0.8152610441767069   uf1:0.7975259973187434   uar:0.8001443001443003
[55, 0, 6, 2, 0]
[0, 24, 4, 3, 1]
[10, 4, 81, 3, 1]
[2, 5, 2, 18, 0]
[0, 0, 1, 2, 25]
casme¢ò-5c   acc:0.8313253012048193   f1:0.8313253012048193   uf1:0.8248550986050986   uar:0.8347733285233285
[51, 5, 6, 1, 0]
[0, 25, 2, 4, 1]
[11, 2, 83, 3, 0]
[1, 2, 1, 23, 0]
[0, 0, 1, 2, 25]
casme¢ò-5c   acc:0.8313253012048193   f1:0.8313253012048193   uf1:0.8300436488270779   uar:0.8305375180375181
[53, 1, 5, 4, 0]
[0, 26, 6, 0, 0]
[12, 4, 82, 1, 0]
[1, 4, 1, 21, 0]
[0, 0, 1, 2, 25]
casme¢ò-5c   acc:0.8232931726907631   f1:0.8232931726907632   uf1:0.8057227528865832   uar:0.8011123136123137
[55, 3, 5, 0, 0]
[1, 22, 5, 2, 2]
[7, 2, 84, 6, 0]
[1, 3, 4, 19, 0]
[0, 0, 3, 0, 25]
casme¢ò-5c   acc:0.8112449799196787   f1:0.8112449799196787   uf1:0.7900705380882386   uar:0.7811988936988936
[57, 1, 4, 0, 1]
[1, 22, 8, 1, 0]
[9, 7, 82, 1, 0]
[0, 5, 6, 16, 0]
[0, 0, 0, 3, 25]
casme¢ò-3c   acc:0.9166666666666666   f1:0.9166666666666666   uf1:0.9060530506661628   uar:0.9117063492063493
[89, 3, 4]
[5, 27, 0]
[1, 0, 27]
casme¢ò-3c   acc:0.9230769230769231   f1:0.9230769230769231   uf1:0.9029059735699216   uar:0.8928571428571429
[93, 1, 2]
[6, 25, 1]
[1, 1, 26]
casme¢ò-3c   acc:0.9038461538461539   f1:0.9038461538461539   uf1:0.8869829891335268   uar:0.8740079365079364
[91, 4, 1]
[7, 25, 0]
[2, 1, 25]
casme¢ò-3c   acc:0.9294871794871795   f1:0.9294871794871795   uf1:0.912989544568492   uar:0.896329365079365
[94, 0, 2]
[6, 25, 1]
[2, 0, 26]
casme¢ò-3c   acc:0.9102564102564102   f1:0.9102564102564102   uf1:0.8933667047217586   uar:0.8913690476190476
[90, 1, 5]
[4, 27, 1]
[3, 0, 25]
casme¢ò-3c   acc:0.9230769230769231   f1:0.9230769230769231   uf1:0.9114090930685542   uar:0.9052579365079364
[91, 2, 3]
[4, 28, 0]
[3, 0, 25]
casme¢ò-3c   acc:0.9294871794871795   f1:0.9294871794871795   uf1:0.9144388008556628   uar:0.9017857142857143
[93, 1, 2]
[5, 27, 0]
[2, 1, 25]
casme¢ò-3c   acc:0.8910256410256411   f1:0.8910256410256411   uf1:0.8649220448079555   uar:0.8680555555555555
[88, 4, 4]
[1, 30, 1]
[6, 1, 21]
casme¢ò-3c   acc:0.9166666666666666   f1:0.9166666666666666   uf1:0.9044046604148906   uar:0.9310515873015873
[86, 5, 5]
[0, 31, 1]
[2, 0, 26]
casme¢ò-3c   acc:0.9166666666666666   f1:0.9166666666666666   uf1:0.8890715060206587   uar:0.8754960317460316
[94, 0, 2]
[6, 23, 3]
[2, 0, 26]
samm-5c   acc:0.7867647058823529   f1:0.7867647058823529   uf1:0.7278976188264907   uar:0.7385290148448044
[53, 0, 2, 0, 2]
[0, 9, 2, 0, 1]
[1, 2, 20, 3, 0]
[2, 6, 3, 15, 0]
[0, 0, 3, 2, 10]
samm-5c   acc:0.7426470588235294   f1:0.7426470588235294   uf1:0.7175708058120998   uar:0.7064372469635628
[44, 0, 5, 7, 1]
[2, 7, 2, 1, 0]
[2, 0, 21, 3, 0]
[1, 0, 2, 20, 3]
[0, 0, 4, 2, 9]
samm-5c   acc:0.8088235294117647   f1:0.8088235294117648   uf1:0.753570380801502   uar:0.7428070175438597
[54, 1, 1, 0, 1]
[1, 8, 2, 1, 0]
[1, 0, 20, 5, 0]
[1, 0, 5, 19, 1]
[0, 2, 3, 1, 9]
samm-5c   acc:0.8014705882352942   f1:0.8014705882352942   uf1:0.733094362972049   uar:0.7144399460188933
[56, 0, 0, 1, 0]
[1, 6, 3, 2, 0]
[3, 0, 16, 4, 3]
[2, 0, 2, 21, 1]
[0, 1, 2, 2, 10]
samm-5c   acc:0.8088235294117647   f1:0.8088235294117648   uf1:0.7763169029214675   uar:0.7576653171390013
[51, 0, 1, 4, 1]
[1, 7, 2, 2, 0]
[2, 1, 20, 3, 0]
[2, 0, 3, 21, 0]
[0, 0, 3, 1, 11]
samm-5c   acc:0.8088235294117647   f1:0.8088235294117648   uf1:0.7582584439937804   uar:0.7394736842105263
[54, 0, 0, 0, 3]
[0, 7, 4, 1, 0]
[3, 0, 19, 4, 0]
[1, 0, 2, 20, 3]
[2, 0, 2, 1, 10]
samm-5c   acc:0.8161764705882353   f1:0.8161764705882353   uf1:0.7423571749887541   uar:0.7208502024291497
[56, 0, 1, 0, 0]
[2, 5, 3, 1, 1]
[2, 1, 19, 3, 1]
[3, 1, 1, 21, 0]
[0, 0, 4, 1, 10]
samm-5c   acc:0.7941176470588235   f1:0.7941176470588235   uf1:0.7380817637879382   uar:0.7094736842105263
[54, 0, 1, 2, 0]
[1, 6, 3, 2, 0]
[3, 1, 19, 3, 0]
[4, 0, 1, 20, 1]
[0, 0, 3, 3, 9]
samm-5c   acc:0.7720588235294118   f1:0.7720588235294118   uf1:0.7086448405299923   uar:0.6987044534412956
[54, 0, 1, 2, 0]
[1, 8, 1, 1, 1]
[2, 3, 17, 4, 0]
[1, 0, 6, 18, 1]
[0, 1, 4, 2, 8]
samm-5c   acc:0.7941176470588235   f1:0.7941176470588235   uf1:0.7270742485028199   uar:0.7199055330634277
[55, 0, 0, 1, 1]
[1, 7, 1, 3, 0]
[1, 2, 17, 4, 2]
[2, 2, 3, 19, 0]
[1, 1, 2, 1, 10]
samm-3c   acc:0.8872180451127819   f1:0.8872180451127819   uf1:0.805076297829921   uar:0.769472315124489
[89, 3, 0]
[5, 21, 0]
[3, 4, 8]
samm-3c   acc:0.9097744360902256   f1:0.9097744360902256   uf1:0.8619123931623932   uar:0.8177443329617242
[91, 1, 0]
[7, 19, 0]
[2, 2, 11]
samm-3c   acc:0.9097744360902256   f1:0.9097744360902256   uf1:0.8620260328239956   uar:0.8457450761798588
[90, 1, 1]
[6, 18, 2]
[2, 0, 13]
samm-3c   acc:0.8947368421052632   f1:0.8947368421052632   uf1:0.8242630385487528   uar:0.8013006317354144
[90, 2, 0]
[6, 18, 2]
[1, 3, 11]
samm-3c   acc:0.9097744360902256   f1:0.9097744360902256   uf1:0.8504794635157227   uar:0.8271460423634336
[91, 1, 0]
[6, 18, 2]
[1, 2, 12]
samm-3c   acc:0.9022556390977443   f1:0.9022556390977443   uf1:0.8325179740530989   uar:0.8051282051282053
[92, 0, 0]
[7, 16, 3]
[2, 1, 12]
samm-3c   acc:0.8947368421052632   f1:0.8947368421052632   uf1:0.8490482608092312   uar:0.847287253808993
[85, 6, 1]
[3, 23, 0]
[1, 3, 11]
samm-3c   acc:0.8721804511278195   f1:0.8721804511278195   uf1:0.7977330885009918   uar:0.7900222965440357
[85, 6, 1]
[3, 22, 1]
[3, 3, 9]
samm-3c   acc:0.9022556390977443   f1:0.9022556390977443   uf1:0.8438940488476092   uar:0.8047194351542178
[90, 2, 0]
[6, 20, 0]
[2, 3, 10]
samm-3c   acc:0.8796992481203008   f1:0.8796992481203008   uf1:0.8382047071702244   uar:0.8402452619843924
[84, 8, 0]
[4, 21, 1]
[0, 3, 12]
smic-3c   acc:0.7621951219512195   f1:0.7621951219512195   uf1:0.7625400603024319   uar:0.7536685992226348
[59, 3, 8]
[18, 32, 1]
[8, 1, 34]
smic-3c   acc:0.7865853658536586   f1:0.7865853658536586   uf1:0.7866223529839091   uar:0.7780383471217944
[60, 4, 6]
[15, 35, 1]
[7, 2, 34]
smic-3c   acc:0.7926829268292683   f1:0.7926829268292683   uf1:0.7939574943059263   uar:0.786906390463162
[58, 8, 4]
[10, 39, 2]
[9, 1, 33]
smic-3c   acc:0.7926829268292683   f1:0.7926829268292683   uf1:0.7940990990990991   uar:0.7851323475126485
[59, 7, 4]
[13, 38, 0]
[6, 4, 33]
smic-3c   acc:0.7987804878048781   f1:0.7987804878048782   uf1:0.7994883040935673   uar:0.7881202093240397
[61, 6, 3]
[13, 37, 1]
[8, 2, 33]
smic-3c   acc:0.7926829268292683   f1:0.7926829268292683   uf1:0.7907916789904368   uar:0.7965344277245782
[56, 10, 4]
[8, 36, 7]
[4, 1, 38]
smic-3c   acc:0.7926829268292683   f1:0.7926829268292683   uf1:0.7897160978556327   uar:0.7822421992052635
[62, 3, 5]
[15, 33, 3]
[7, 1, 35]
smic-3c   acc:0.7560975609756098   f1:0.7560975609756099   uf1:0.7439895470383275   uar:0.7304084424467461
[65, 2, 3]
[16, 30, 5]
[13, 1, 29]
smic-3c   acc:0.7987804878048781   f1:0.7987804878048782   uf1:0.7979467900520533   uar:0.7893361995961176
[61, 3, 6]
[13, 36, 2]
[8, 1, 34]
smic-3c   acc:0.7987804878048781   f1:0.7987804878048782   uf1:0.7988540613414225   uar:0.7923262328187088
[60, 3, 7]
[14, 36, 1]
[6, 2, 35]



casme¢ò-5c   acc:0.7991967871485943   f1:0.7991967871485943   uf1:0.7736020251340645   uar:0.7651274651274651
[55, 2, 6, 0, 0]
[2, 24, 5, 0, 1]
[10, 5, 82, 2, 0]
[1, 7, 5, 13, 1]
[0, 1, 2, 0, 25]
casme¢ò-5c   acc:0.8152610441767069   f1:0.8152610441767069   uf1:0.7955306187515656   uar:0.7888588263588263
[47, 6, 10, 0, 0]
[3, 26, 0, 1, 2]
[5, 2, 89, 3, 0]
[1, 5, 4, 17, 0]
[0, 1, 3, 0, 24]
casme¢ò-5c   acc:0.8152610441767069   f1:0.8152610441767069   uf1:0.8047701470314536   uar:0.7916877104377105
[54, 0, 8, 1, 0]
[4, 21, 4, 2, 1]
[9, 2, 84, 4, 0]
[5, 1, 2, 19, 0]
[0, 0, 2, 1, 25]
casme¢ò-5c   acc:0.8313253012048193   f1:0.8313253012048193   uf1:0.8094527854683238   uar:0.8036075036075037
[51, 1, 9, 2, 0]
[0, 24, 3, 5, 0]
[6, 2, 89, 2, 0]
[0, 6, 3, 18, 0]
[0, 0, 1, 2, 25]
casme¢ò-5c   acc:0.8112449799196787   f1:0.8112449799196787   uf1:0.770007137691708   uar:0.7730128667628668
[54, 0, 3, 5, 1]
[0, 17, 5, 10, 0]
[4, 3, 87, 5, 0]
[2, 4, 1, 20, 0]
[0, 0, 1, 3, 24]
casme¢ò-5c   acc:0.8393574297188755   f1:0.8393574297188755   uf1:0.8236375661375661   uar:0.8323893698893698
[56, 0, 7, 0, 0]
[0, 26, 2, 3, 1]
[6, 7, 82, 4, 0]
[1, 5, 1, 19, 1]
[0, 0, 1, 1, 26]
casme¢ò-5c   acc:0.7991967871485943   f1:0.7991967871485943   uf1:0.7687212317572523   uar:0.7493746993746994
[52, 0, 10, 1, 0]
[1, 16, 10, 4, 1]
[4, 3, 89, 3, 0]
[1, 3, 6, 17, 0]
[0, 0, 2, 1, 25]
casme¢ò-5c   acc:0.8152610441767069   f1:0.8152610441767069   uf1:0.7847211293847205   uar:0.7770532708032707
[50, 0, 13, 0, 0]
[0, 25, 3, 2, 2]
[5, 3, 89, 2, 0]
[0, 11, 2, 14, 0]
[0, 2, 1, 0, 25]
casme¢ò-5c   acc:0.8032128514056225   f1:0.8032128514056225   uf1:0.7991324274251694   uar:0.7866372053872055
[46, 2, 12, 3, 0]
[2, 21, 8, 0, 1]
[8, 2, 87, 2, 0]
[0, 4, 4, 19, 0]
[0, 0, 1, 0, 27]
casme¢ò-5c   acc:0.8072289156626506   f1:0.8072289156626506   uf1:0.7736601590577106   uar:0.7467622655122655
[55, 0, 8, 0, 0]
[2, 21, 5, 4, 0]
[4, 2, 89, 2, 2]
[1, 4, 7, 15, 0]
[0, 0, 7, 0, 21]
casme¢ò-3c   acc:0.9166666666666666   f1:0.9166666666666666   uf1:0.8983041649708317   uar:0.8878968253968255
[92, 4, 0]
[5, 26, 1]
[2, 1, 25]
casme¢ò-3c   acc:0.9166666666666666   f1:0.9166666666666666   uf1:0.8985296424649524   uar:0.884920634920635
[92, 3, 1]
[3, 28, 1]
[5, 0, 23]
casme¢ò-3c   acc:0.9166666666666666   f1:0.9166666666666666   uf1:0.9032559093472798   uar:0.8878968253968255
[92, 2, 2]
[6, 26, 0]
[3, 0, 25]
casme¢ò-3c   acc:0.9166666666666666   f1:0.9166666666666666   uf1:0.8979266347687401   uar:0.8809523809523809
[93, 0, 3]
[6, 25, 1]
[3, 0, 25]
casme¢ò-3c   acc:0.8974358974358975   f1:0.8974358974358975   uf1:0.8847627543434857   uar:0.8928571428571429
[87, 4, 5]
[5, 27, 0]
[2, 0, 26]
casme¢ò-3c   acc:0.8974358974358975   f1:0.8974358974358975   uf1:0.8774774302827107   uar:0.8497023809523809
[93, 2, 1]
[10, 22, 0]
[3, 0, 25]
casme¢ò-3c   acc:0.9230769230769231   f1:0.9230769230769231   uf1:0.9010393348257114   uar:0.8759920634920636
[95, 0, 1]
[7, 25, 0]
[2, 2, 24]
casme¢ò-3c   acc:0.9230769230769231   f1:0.9230769230769231   uf1:0.905133436606592   uar:0.8859126984126983
[94, 1, 1]
[7, 24, 1]
[2, 0, 26]
casme¢ò-3c   acc:0.9038461538461539   f1:0.9038461538461539   uf1:0.8859800999386341   uar:0.9032738095238096
[87, 3, 6]
[3, 28, 1]
[1, 1, 26]
casme¢ò-3c   acc:0.9230769230769231   f1:0.9230769230769231   uf1:0.9060357237116742   uar:0.8844246031746031
[94, 2, 0]
[6, 25, 1]
[3, 0, 25]
samm-5c   acc:0.8235294117647058   f1:0.8235294117647058   uf1:0.7612905545754911   uar:0.7360593792172739
[55, 0, 0, 2, 0]
[0, 6, 3, 3, 0]
[2, 0, 22, 2, 0]
[2, 0, 2, 20, 2]
[0, 0, 4, 2, 9]
samm-5c   acc:0.7941176470588235   f1:0.7941176470588235   uf1:0.6781666152061618   uar:0.6741835357624832
[56, 0, 1, 0, 0]
[0, 3, 4, 4, 1]
[1, 0, 22, 2, 1]
[0, 2, 4, 18, 2]
[0, 0, 3, 3, 9]
samm-5c   acc:0.8088235294117647   f1:0.8088235294117648   uf1:0.710794424430788   uar:0.6887179487179487
[57, 0, 0, 0, 0]
[2, 4, 3, 2, 1]
[3, 0, 21, 2, 0]
[2, 0, 1, 20, 3]
[0, 0, 5, 2, 8]
samm-5c   acc:0.8088235294117647   f1:0.8088235294117648   uf1:0.7325287630639439   uar:0.7066666666666667
[57, 0, 0, 0, 0]
[0, 6, 4, 1, 1]
[3, 0, 22, 1, 0]
[2, 0, 6, 17, 1]
[0, 1, 4, 2, 8]
samm-5c   acc:0.8014705882352942   f1:0.8014705882352942   uf1:0.6982201657991132   uar:0.6818758434547909
[56, 0, 0, 0, 1]
[1, 3, 6, 2, 0]
[3, 1, 20, 2, 0]
[3, 1, 1, 21, 0]
[0, 2, 3, 1, 9]
samm-5c   acc:0.7794117647058824   f1:0.7794117647058824   uf1:0.7149919824963659   uar:0.6932388663967611
[55, 0, 1, 1, 0]
[1, 7, 2, 2, 0]
[3, 1, 16, 5, 1]
[0, 1, 5, 20, 0]
[0, 0, 2, 5, 8]
samm-5c   acc:0.8161764705882353   f1:0.8161764705882353   uf1:0.7370563585817823   uar:0.7160593792172739
[55, 0, 0, 1, 1]
[1, 4, 6, 1, 0]
[3, 0, 19, 4, 0]
[1, 0, 1, 23, 1]
[1, 0, 3, 1, 10]
samm-5c   acc:0.7867647058823529   f1:0.7867647058823529   uf1:0.7265357620124805   uar:0.7259784075573549
[56, 0, 0, 0, 1]
[1, 9, 2, 0, 0]
[5, 0, 20, 1, 0]
[1, 6, 6, 12, 1]
[1, 0, 2, 2, 10]
samm-5c   acc:0.8088235294117647   f1:0.8088235294117648   uf1:0.7631023556963769   uar:0.7367476383265857
[56, 0, 0, 1, 0]
[0, 7, 1, 4, 0]
[3, 1, 19, 2, 1]
[6, 0, 2, 17, 1]
[0, 0, 3, 1, 11]
samm-5c   acc:0.7867647058823529   f1:0.7867647058823529   uf1:0.7086409034459621   uar:0.7070040485829959
[56, 0, 0, 1, 0]
[0, 5, 4, 1, 2]
[2, 1, 19, 1, 3]
[3, 0, 8, 14, 1]
[0, 1, 0, 1, 13]
samm-3c   acc:0.8947368421052632   f1:0.8947368421052632   uf1:0.8445512820512819   uar:0.8013006317354144
[90, 2, 0]
[8, 18, 0]
[2, 2, 11]
samm-3c   acc:0.8947368421052632   f1:0.8947368421052632   uf1:0.8439790575916231   uar:0.8198996655518395
[89, 1, 2]
[7, 18, 1]
[3, 0, 12]
samm-3c   acc:0.8947368421052632   f1:0.8947368421052632   uf1:0.8355791416705122   uar:0.7735042735042734
[92, 0, 0]
[9, 17, 0]
[4, 1, 10]
samm-3c   acc:0.9022556390977443   f1:0.9022556390977443   uf1:0.8411422902494331   uar:0.795522110739502
[91, 1, 0]
[7, 19, 0]
[2, 3, 10]
samm-3c   acc:0.8947368421052632   f1:0.8947368421052632   uf1:0.8341361256544504   uar:0.7918989223337048
[90, 2, 0]
[7, 19, 0]
[2, 3, 10]
samm-3c   acc:0.8721804511278195   f1:0.8721804511278195   uf1:0.7896784672334721   uar:0.7534373838721664
[90, 1, 1]
[9, 16, 1]
[2, 3, 10]
samm-3c   acc:0.9022556390977443   f1:0.9022556390977443   uf1:0.8432164785105961   uar:0.8139167595689334
[89, 3, 0]
[5, 21, 0]
[1, 4, 10]
samm-3c   acc:0.8947368421052632   f1:0.8947368421052632   uf1:0.8277167277167278   uar:0.7918989223337048
[90, 2, 0]
[7, 19, 0]
[0, 5, 10]
samm-3c   acc:0.9022556390977443   f1:0.9022556390977443   uf1:0.8411422902494331   uar:0.795522110739502
[91, 1, 0]
[7, 19, 0]
[2, 3, 10]
samm-3c   acc:0.8947368421052632   f1:0.8947368421052632   uf1:0.8388712522045855   uar:0.81049795615013
[89, 3, 0]
[6, 19, 1]
[2, 2, 11]
smic-3c   acc:0.7804878048780488   f1:0.7804878048780488   uf1:0.7781924574377403   uar:0.7625322997416021
[63, 5, 2]
[15, 34, 2]
[11, 1, 31]
smic-3c   acc:0.7865853658536586   f1:0.7865853658536586   uf1:0.7870935716058575   uar:0.7769222417649231
[62, 3, 5]
[19, 31, 1]
[7, 0, 36]
smic-3c   acc:0.823170731707317   f1:0.823170731707317   uf1:0.8270063961066697   uar:0.8238920374351292
[59, 6, 5]
[13, 38, 0]
[3, 2, 38]
smic-3c   acc:0.7987804878048781   f1:0.7987804878048782   uf1:0.7949591376144216   uar:0.7876620415608103
[64, 2, 4]
[19, 30, 2]
[5, 1, 37]
smic-3c   acc:0.7987804878048781   f1:0.7987804878048782   uf1:0.7997060830315436   uar:0.795874318719736
[58, 5, 7]
[11, 38, 2]
[7, 1, 35]
smic-3c   acc:0.774390243902439   f1:0.7743902439024389   uf1:0.7728343590761697   uar:0.7739365513647319
[57, 4, 9]
[15, 33, 3]
[4, 2, 37]
smic-3c   acc:0.7865853658536586   f1:0.7865853658536586   uf1:0.7846238053134605   uar:0.7816863179380279
[60, 5, 5]
[17, 32, 2]
[3, 3, 37]
smic-3c   acc:0.8109756097560976   f1:0.8109756097560975   uf1:0.8136040551638207   uar:0.8029661476993898
[60, 8, 2]
[10, 40, 1]
[9, 1, 33]
smic-3c   acc:0.7865853658536586   f1:0.7865853658536586   uf1:0.7901515089371406   uar:0.78812455214644
[55, 9, 6]
[11, 39, 1]
[6, 2, 35]
smic-3c   acc:0.7987804878048781   f1:0.7987804878048782   uf1:0.7981230747188195   uar:0.7988643519423273
[57, 8, 5]
[9, 38, 4]
[5, 2, 36]



casme¢ò-5c   acc:0.8072289156626506   f1:0.8072289156626506   uf1:0.7896937739627491   uar:0.7853024290524291
[52, 0, 9, 1, 1]
[0, 25, 4, 0, 3]
[8, 5, 83, 2, 1]
[1, 2, 11, 13, 0]
[0, 0, 0, 0, 28]
casme¢ò-5c   acc:0.8152610441767069   f1:0.8152610441767069   uf1:0.7944437260974672   uar:0.8012926887926888
[58, 2, 3, 0, 0]
[3, 26, 2, 1, 0]
[8, 7, 78, 6, 0]
[1, 9, 1, 16, 0]
[1, 1, 1, 0, 25]
casme¢ò-5c   acc:0.8112449799196787   f1:0.8112449799196787   uf1:0.8023860470849253   uar:0.8152837902837904
[51, 3, 9, 0, 0]
[0, 28, 2, 1, 1]
[8, 8, 79, 4, 0]
[0, 9, 1, 17, 0]
[0, 0, 0, 1, 27]
casme¢ò-5c   acc:0.8313253012048193   f1:0.8313253012048193   uf1:0.8200009897946824   uar:0.8284872534872536
[55, 2, 5, 1, 0]
[3, 20, 3, 5, 1]
[9, 5, 82, 3, 0]
[0, 2, 2, 23, 0]
[0, 0, 1, 0, 27]
casme¢ò-5c   acc:0.8433734939759037   f1:0.8433734939759037   uf1:0.8226117584457515   uar:0.82376443001443
[58, 1, 4, 0, 0]
[2, 23, 6, 0, 1]
[6, 6, 84, 3, 0]
[0, 5, 2, 18, 2]
[0, 0, 0, 1, 27]
casme¢ò-5c   acc:0.8273092369477911   f1:0.8273092369477912   uf1:0.8158511251390509   uar:0.8339015151515152
[54, 1, 5, 2, 1]
[1, 27, 1, 1, 2]
[7, 8, 79, 5, 0]
[1, 3, 1, 21, 1]
[0, 1, 2, 0, 25]
casme¢ò-5c   acc:0.8152610441767069   f1:0.8152610441767069   uf1:0.8169738138449573   uar:0.8238576238576238
[48, 0, 13, 2, 0]
[0, 24, 6, 1, 1]
[8, 3, 82, 4, 2]
[1, 4, 0, 22, 0]
[0, 0, 0, 1, 27]
casme¢ò-5c   acc:0.8192771084337349   f1:0.819277108433735   uf1:0.8122756504199478   uar:0.8203793891293891
[54, 1, 8, 0, 0]
[2, 21, 3, 5, 1]
[10, 3, 80, 6, 0]
[1, 2, 1, 23, 0]
[1, 0, 0, 1, 26]
casme¢ò-5c   acc:0.8112449799196787   f1:0.8112449799196787   uf1:0.799662908096382   uar:0.800559163059163
[60, 0, 1, 2, 0]
[4, 22, 5, 0, 1]
[10, 10, 76, 3, 0]
[2, 3, 4, 18, 0]
[0, 0, 2, 0, 26]
casme¢ò-5c   acc:0.8353413654618473   f1:0.8353413654618473   uf1:0.8381374546820443   uar:0.8416456228956231
[53, 1, 9, 0, 0]
[0, 27, 4, 0, 1]
[6, 7, 81, 4, 1]
[1, 1, 5, 20, 0]
[0, 0, 0, 1, 27]
casme¢ò-3c   acc:0.9166666666666666   f1:0.9166666666666666   uf1:0.9026067519409443   uar:0.8948412698412698
[91, 4, 1]
[5, 27, 0]
[2, 1, 25]
casme¢ò-3c   acc:0.9102564102564102   f1:0.9102564102564102   uf1:0.8924561403508772   uar:0.8735119047619048
[93, 1, 2]
[10, 22, 0]
[1, 0, 27]
casme¢ò-3c   acc:0.9166666666666666   f1:0.9166666666666666   uf1:0.9004542402338349   uar:0.896329365079365
[91, 0, 5]
[5, 26, 1]
[2, 0, 26]
casme¢ò-3c   acc:0.9102564102564102   f1:0.9102564102564102   uf1:0.8983720525123916   uar:0.8928571428571429
[90, 4, 2]
[6, 26, 0]
[2, 0, 26]
casme¢ò-3c   acc:0.9358974358974359   f1:0.9358974358974359   uf1:0.9210490489014999   uar:0.9067460317460316
[94, 0, 2]
[5, 26, 1]
[2, 0, 26]
casme¢ò-3c   acc:0.9230769230769231   f1:0.9230769230769231   uf1:0.9012936381357434   uar:0.8859126984126983
[94, 1, 1]
[6, 24, 2]
[2, 0, 26]
casme¢ò-3c   acc:0.9294871794871795   f1:0.9294871794871795   uf1:0.9182621703907379   uar:0.8948412698412698
[94, 2, 0]
[6, 26, 0]
[3, 0, 25]
casme¢ò-3c   acc:0.9038461538461539   f1:0.9038461538461539   uf1:0.8836630190796857   uar:0.8834325396825397
[89, 3, 4]
[2, 30, 0]
[5, 1, 22]
casme¢ò-3c   acc:0.9358974358974359   f1:0.9358974358974359   uf1:0.9234228137453945   uar:0.9136904761904763
[93, 3, 0]
[4, 27, 1]
[2, 0, 26]
casme¢ò-3c   acc:0.9166666666666666   f1:0.9166666666666666   uf1:0.898711670216704   uar:0.8908730158730159
[92, 1, 3]
[7, 24, 1]
[1, 0, 27]
samm-5c   acc:0.8014705882352942   f1:0.8014705882352942   uf1:0.7099762982115922   uar:0.7006747638326585
[55, 0, 0, 1, 1]
[0, 4, 5, 1, 2]
[1, 1, 20, 2, 2]
[4, 0, 2, 20, 0]
[0, 1, 3, 1, 10]
samm-5c   acc:0.7794117647058824   f1:0.7794117647058824   uf1:0.7173317767821459   uar:0.6946963562753037
[56, 0, 0, 1, 0]
[1, 7, 3, 1, 0]
[5, 1, 16, 4, 0]
[0, 3, 5, 18, 0]
[1, 0, 2, 3, 9]
samm-5c   acc:0.8235294117647058   f1:0.8235294117647058   uf1:0.7794926608636287   uar:0.7592307692307693
[57, 0, 0, 0, 0]
[2, 7, 3, 0, 0]
[4, 1, 19, 0, 2]
[4, 0, 4, 16, 2]
[0, 0, 2, 0, 13]
samm-5c   acc:0.7941176470588235   f1:0.7941176470588235   uf1:0.7226837904973309   uar:0.7148717948717949
[57, 0, 0, 0, 0]
[0, 8, 1, 3, 0]
[2, 2, 16, 4, 2]
[3, 2, 1, 18, 2]
[0, 0, 4, 2, 9]
samm-5c   acc:0.8088235294117647   f1:0.8088235294117648   uf1:0.7449971621657295   uar:0.7235897435897436
[57, 0, 0, 0, 0]
[0, 6, 3, 3, 0]
[3, 0, 20, 0, 3]
[4, 0, 3, 16, 3]
[1, 0, 2, 1, 11]
samm-5c   acc:0.7941176470588235   f1:0.7941176470588235   uf1:0.7280163391052001   uar:0.7052901484480432
[55, 0, 2, 0, 0]
[1, 6, 4, 1, 0]
[2, 1, 21, 2, 0]
[3, 1, 3, 17, 2]
[1, 0, 4, 1, 9]
samm-5c   acc:0.7867647058823529   f1:0.7867647058823529   uf1:0.7323817081272607   uar:0.7046963562753036
[56, 0, 0, 1, 0]
[2, 6, 2, 1, 1]
[5, 1, 18, 1, 1]
[6, 0, 1, 16, 3]
[2, 0, 1, 1, 11]
samm-5c   acc:0.8161764705882353   f1:0.8161764705882353   uf1:0.7314126528948229   uar:0.711025641025641
[57, 0, 0, 0, 0]
[1, 5, 5, 1, 0]
[1, 0, 22, 2, 1]
[3, 2, 2, 18, 1]
[0, 0, 4, 2, 9]
samm-5c   acc:0.8014705882352942   f1:0.8014705882352942   uf1:0.7455876650011187   uar:0.7275978407557354
[55, 0, 1, 0, 1]
[3, 7, 1, 1, 0]
[2, 0, 20, 2, 2]
[4, 0, 1, 17, 4]
[0, 1, 4, 0, 10]
samm-5c   acc:0.7941176470588235   f1:0.7941176470588235   uf1:0.7178315093569332   uar:0.6963157894736842
[55, 0, 1, 0, 1]
[1, 5, 4, 1, 1]
[1, 0, 24, 1, 0]
[4, 1, 6, 15, 0]
[0, 0, 5, 1, 9]
samm-3c   acc:0.924812030075188   f1:0.924812030075188   uf1:0.8917006011246849   uar:0.8527870680044595
[91, 1, 0]
[6, 20, 0]
[2, 1, 12]
samm-3c   acc:0.9022556390977443   f1:0.9022556390977443   uf1:0.8432164785105961   uar:0.8139167595689334
[89, 3, 0]
[5, 21, 0]
[1, 4, 10]
samm-3c   acc:0.8796992481203008   f1:0.8796992481203008   uf1:0.8075593045052033   uar:0.775455221107395
[89, 2, 1]
[7, 18, 1]
[3, 2, 10]
samm-3c   acc:0.8947368421052632   f1:0.8947368421052632   uf1:0.8531384982997886   uar:0.8288926049795614
[87, 5, 0]
[5, 21, 0]
[2, 2, 11]
samm-3c   acc:0.8947368421052632   f1:0.8947368421052632   uf1:0.8182049514053061   uar:0.7827015979189892
[91, 1, 0]
[6, 18, 2]
[3, 2, 10]
samm-3c   acc:0.9022556390977443   f1:0.9022556390977443   uf1:0.8474694589877837   uar:0.8047194351542178
[90, 2, 0]
[6, 20, 0]
[3, 2, 10]
samm-3c   acc:0.8947368421052632   f1:0.8947368421052632   uf1:0.8308221534227727   uar:0.7918989223337048
[90, 2, 0]
[7, 19, 0]
[1, 4, 10]
samm-3c   acc:0.8947368421052632   f1:0.8947368421052632   uf1:0.8397950495651646   uar:0.8198996655518395
[89, 2, 1]
[7, 18, 1]
[1, 2, 12]
samm-3c   acc:0.9022556390977443   f1:0.9022556390977443   uf1:0.8445792963946258   uar:0.7957264957264957
[92, 0, 0]
[9, 17, 0]
[1, 3, 11]
samm-3c   acc:0.8947368421052632   f1:0.8947368421052632   uf1:0.8417406848779398   uar:0.8196952805648459
[88, 3, 1]
[6, 20, 0]
[1, 3, 11]
smic-3c   acc:0.8109756097560976   f1:0.8109756097560975   uf1:0.8144722438597151   uar:0.8137102903176775
[56, 8, 6]
[9, 41, 1]
[6, 1, 36]
smic-3c   acc:0.7926829268292683   f1:0.7926829268292683   uf1:0.7937362944648033   uar:0.7928864569083447
[56, 7, 7]
[10, 39, 2]
[6, 2, 35]
smic-3c   acc:0.7865853658536586   f1:0.7865853658536586   uf1:0.7836490050347638   uar:0.7803704427507437
[58, 4, 8]
[11, 38, 2]
[6, 4, 33]
smic-3c   acc:0.8109756097560976   f1:0.8109756097560975   uf1:0.8099119071363754   uar:0.8024080950209541
[61, 4, 5]
[12, 38, 1]
[6, 3, 34]
smic-3c   acc:0.7926829268292683   f1:0.7926829268292683   uf1:0.7972255927516555   uar:0.7917703515514732
[58, 7, 5]
[15, 35, 1]
[6, 0, 37]
smic-3c   acc:0.8048780487804879   f1:0.8048780487804877   uf1:0.8064825930372148   uar:0.8024102664321543
[58, 7, 5]
[10, 39, 2]
[7, 1, 35]
