
casme¢ò-5c   acc:0.8514056224899599   f1:0.8514056224899599   uf1:0.8354228364887339   uar:0.8288329725829726
[56, 1, 5, 1, 0]
[1, 25, 6, 0, 0]
[4, 4, 87, 3, 1]
[1, 5, 3, 18, 0]
[0, 1, 1, 0, 26]
casme¢ò-5c   acc:0.8514056224899599   f1:0.8514056224899599   uf1:0.8354228364887339   uar:0.8288329725829726
[56, 1, 5, 1, 0]
[1, 25, 6, 0, 0]
[4, 4, 87, 3, 1]
[1, 5, 3, 18, 0]
[0, 1, 1, 0, 26]
casme¢ò-5c   acc:0.25301204819277107   f1:0.25301204819277107   uf1:0.08076923076923076   uar:0.2
[63, 0, 0, 0, 0]
[32, 0, 0, 0, 0]
[99, 0, 0, 0, 0]
[27, 0, 0, 0, 0]
[28, 0, 0, 0, 0]
casme¢ò-5c   acc:0.8192771084337349   f1:0.819277108433735   uf1:0.7983137353081389   uar:0.7854767917267919
[54, 2, 7, 0, 0]
[3, 23, 6, 0, 0]
[4, 6, 86, 2, 1]
[3, 2, 7, 14, 1]
[0, 0, 1, 0, 27]
casme¢ò-5c   acc:0.8232931726907631   f1:0.8232931726907632   uf1:0.7930231449077978   uar:0.7881493506493508
[58, 1, 4, 0, 0]
[4, 22, 3, 3, 0]
[7, 5, 84, 2, 1]
[0, 6, 5, 15, 1]
[0, 0, 2, 0, 26]
casme¢ò-5c   acc:0.8032128514056225   f1:0.8032128514056225   uf1:0.7623800238927936   uar:0.7668831168831168
[55, 2, 4, 2, 0]
[2, 24, 3, 2, 1]
[9, 4, 83, 3, 0]
[1, 8, 4, 12, 2]
[0, 1, 1, 0, 26]
casme¢ò-5c   acc:0.8032128514056225   f1:0.8032128514056225   uf1:0.749438020098591   uar:0.733174001924002
[55, 3, 4, 1, 0]
[1, 21, 8, 2, 0]
[2, 3, 90, 4, 0]
[4, 5, 8, 10, 0]
[0, 0, 2, 2, 24]
casme¢ò-5c   acc:0.8072289156626506   f1:0.8072289156626506   uf1:0.7799633448215433   uar:0.7763708513708514
[57, 0, 4, 2, 0]
[4, 20, 2, 5, 1]
[10, 1, 82, 6, 0]
[2, 3, 4, 18, 0]
[0, 1, 1, 2, 24]
casme¢ò-5c   acc:0.8313253012048193   f1:0.8313253012048193   uf1:0.8096550379374362   uar:0.8061838624338623
[52, 0, 8, 3, 0]
[0, 23, 3, 5, 1]
[3, 1, 88, 7, 0]
[1, 3, 3, 20, 0]
[1, 0, 1, 2, 24]
casme¢ò-5c   acc:0.8273092369477911   f1:0.8273092369477912   uf1:0.8233463383308584   uar:0.8051857864357865
[54, 2, 7, 0, 0]
[5, 19, 7, 1, 0]
[9, 1, 86, 3, 0]
[2, 1, 3, 21, 0]
[0, 0, 2, 0, 26]
casme¢ò-5c   acc:0.8112449799196787   f1:0.8112449799196787   uf1:0.8043741878393643   uar:0.8090367965367966
[54, 1, 7, 1, 0]
[2, 18, 5, 6, 1]
[14, 2, 80, 3, 0]
[1, 2, 0, 24, 0]
[0, 0, 2, 0, 26]
casme¢ò-5c   acc:0.8353413654618473   f1:0.8353413654618473   uf1:0.8262914424303387   uar:0.8346079846079846
[53, 1, 6, 3, 0]
[1, 24, 2, 5, 0]
[6, 2, 83, 8, 0]
[1, 2, 2, 22, 0]
[0, 0, 1, 1, 26]
casme¢ò-5c   acc:0.8112449799196787   f1:0.8112449799196787   uf1:0.7865570577744948   uar:0.7736381673881674
[53, 2, 6, 2, 0]
[2, 25, 4, 0, 1]
[8, 2, 86, 2, 1]
[0, 5, 7, 15, 0]
[0, 1, 3, 1, 23]
casme¢ò-5c   acc:0.8393574297188755   f1:0.8393574297188755   uf1:0.8284728891431433   uar:0.8185455747955748
[55, 0, 7, 1, 0]
[3, 23, 3, 2, 1]
[8, 3, 86, 1, 1]
[2, 2, 4, 19, 0]
[0, 1, 1, 0, 26]
casme¢ò-5c   acc:0.8192771084337349   f1:0.819277108433735   uf1:0.7913466884544775   uar:0.7787037037037037
[52, 2, 8, 0, 1]
[2, 28, 1, 0, 1]
[6, 4, 88, 1, 0]
[1, 8, 4, 14, 0]
[0, 1, 5, 0, 22]
casme¢ò-5c   acc:0.8072289156626506   f1:0.8072289156626506   uf1:0.794621168305379   uar:0.8046777296777297
[48, 1, 12, 1, 1]
[0, 28, 2, 1, 1]
[8, 5, 82, 4, 0]
[1, 9, 0, 17, 0]
[0, 1, 0, 1, 26]
casme¢ò-5c   acc:0.8152610441767069   f1:0.8152610441767069   uf1:0.7932022972167081   uar:0.7902717652717653
[52, 3, 6, 2, 0]
[3, 20, 6, 1, 2]
[5, 1, 86, 7, 0]
[3, 1, 4, 19, 0]
[0, 1, 0, 1, 26]
casme¢ò-5c   acc:0.8192771084337349   f1:0.819277108433735   uf1:0.7881680990055374   uar:0.7847462722462721
[57, 0, 6, 0, 0]
[4, 18, 4, 4, 2]
[7, 3, 85, 4, 0]
[4, 1, 1, 20, 1]
[0, 0, 1, 3, 24]
casme¢ò-5c   acc:0.8232931726907631   f1:0.8232931726907632   uf1:0.789339842322558   uar:0.7816107503607505
[56, 0, 7, 0, 0]
[3, 21, 5, 2, 1]
[5, 1, 87, 6, 0]
[2, 6, 3, 15, 1]
[0, 1, 1, 0, 26]
casme¢ò-5c   acc:0.8353413654618473   f1:0.8353413654618473   uf1:0.8272512505030244   uar:0.8228024290524291
[56, 1, 5, 1, 0]
[2, 23, 5, 1, 1]
[11, 1, 83, 4, 0]
[2, 4, 2, 19, 0]
[0, 0, 1, 0, 27]
casme¢ò-5c   acc:0.8273092369477911   f1:0.8273092369477912   uf1:0.7976834590141042   uar:0.7990289802789803
[58, 1, 4, 0, 0]
[1, 19, 6, 5, 1]
[4, 6, 84, 5, 0]
[2, 4, 2, 19, 0]
[0, 0, 1, 1, 26]
casme¢ò-5c   acc:0.8273092369477911   f1:0.8273092369477912   uf1:0.8053111567605701   uar:0.80748556998557
[59, 2, 2, 0, 0]
[2, 22, 5, 2, 1]
[8, 6, 81, 3, 1]
[1, 5, 3, 18, 0]
[0, 0, 1, 1, 26]
casme¢ò-5c   acc:0.8313253012048193   f1:0.8313253012048193   uf1:0.8259746924774637   uar:0.8097733285233286
[58, 0, 5, 0, 0]
[5, 21, 3, 2, 1]
[14, 1, 83, 1, 0]
[1, 2, 4, 20, 0]
[0, 0, 2, 1, 25]
casme¢ò-5c   acc:0.8192771084337349   f1:0.819277108433735   uf1:0.8179469886838309   uar:0.8178060365560367
[52, 1, 9, 1, 0]
[0, 21, 6, 4, 1]
[11, 0, 82, 5, 1]
[0, 1, 4, 22, 0]
[0, 0, 0, 1, 27]
casme¢ò-5c   acc:0.8072289156626506   f1:0.8072289156626506   uf1:0.7919850992304364   uar:0.785467772967773
[52, 1, 7, 2, 1]
[1, 26, 2, 1, 2]
[7, 3, 83, 5, 1]
[0, 1, 8, 17, 1]
[0, 0, 5, 0, 23]
casme¢ò-5c   acc:0.7911646586345381   f1:0.791164658634538   uf1:0.7587140929246192   uar:0.7568542568542568
[56, 3, 4, 0, 0]
[3, 24, 4, 0, 1]
[10, 5, 80, 2, 2]
[1, 7, 7, 12, 0]
[0, 1, 1, 1, 25]
casme¢ò-5c   acc:0.7951807228915663   f1:0.7951807228915663   uf1:0.7782049626755951   uar:0.7769630832130832
[52, 2, 9, 0, 0]
[3, 23, 2, 3, 1]
[9, 4, 81, 4, 1]
[2, 4, 4, 17, 0]
[0, 0, 1, 2, 25]
casme¢ò-5c   acc:0.8433734939759037   f1:0.8433734939759037   uf1:0.8329161336808866   uar:0.8049362674362674
[54, 1, 8, 0, 0]
[2, 22, 6, 0, 2]
[4, 1, 91, 3, 0]
[2, 0, 6, 19, 0]
[0, 0, 4, 0, 24]
casme¢ò-5c   acc:0.8313253012048193   f1:0.8313253012048193   uf1:0.8146217258736674   uar:0.816813973063973
[57, 2, 4, 0, 0]
[1, 23, 2, 5, 1]
[9, 3, 82, 4, 1]
[1, 0, 6, 19, 1]
[0, 0, 1, 1, 26]
casme¢ò-5c   acc:0.8072289156626506   f1:0.8072289156626506   uf1:0.7970898242274795   uar:0.8123737373737374
[50, 4, 6, 2, 1]
[1, 28, 2, 0, 1]
[8, 4, 79, 8, 0]
[0, 5, 4, 18, 0]
[0, 0, 1, 1, 26]
casme¢ò-5c   acc:0.7871485943775101   f1:0.78714859437751   uf1:0.7735714273430778   uar:0.7688041125541126
[46, 4, 13, 0, 0]
[1, 25, 4, 1, 1]
[7, 4, 84, 4, 0]
[1, 7, 4, 15, 0]
[0, 1, 1, 0, 26]
casme¢ò-5c   acc:0.8032128514056225   f1:0.8032128514056225   uf1:0.7714768710245211   uar:0.7539442039442039
[48, 0, 12, 3, 0]
[0, 24, 5, 2, 1]
[5, 1, 91, 2, 0]
[2, 6, 6, 13, 0]
[0, 2, 2, 0, 24]
casme¢ò-5c   acc:0.8112449799196787   f1:0.8112449799196787   uf1:0.7776304554270339   uar:0.7745400432900432
[50, 2, 6, 5, 0]
[1, 21, 3, 7, 0]
[3, 1, 89, 6, 0]
[1, 3, 4, 18, 1]
[0, 1, 1, 2, 24]
casme¢ò-3c   acc:0.9166666666666666   f1:0.9166666666666666   uf1:0.897094017094017   uar:0.871031746031746
[94, 1, 1]
[6, 26, 0]
[4, 1, 23]
casme¢ò-3c   acc:0.9038461538461539   f1:0.9038461538461539   uf1:0.8733121904462506   uar:0.8586309523809524
[93, 2, 1]
[7, 24, 1]
[1, 3, 24]
casme¢ò-3c   acc:0.9102564102564102   f1:0.9102564102564102   uf1:0.8889171830348301   uar:0.8675595238095237
[93, 3, 0]
[6, 26, 0]
[3, 2, 23]
casme¢ò-3c   acc:0.9294871794871795   f1:0.9294871794871795   uf1:0.9152910865660483   uar:0.9017857142857143
[93, 2, 1]
[5, 27, 0]
[2, 1, 25]
casme¢ò-3c   acc:0.9102564102564102   f1:0.9102564102564102   uf1:0.8933333333333334   uar:0.8705357142857143
[93, 0, 3]
[8, 24, 0]
[3, 0, 25]
casme¢ò-3c   acc:0.9358974358974359   f1:0.9358974358974359   uf1:0.9254351423842948   uar:0.9067460317460316
[94, 1, 1]
[6, 26, 0]
[2, 0, 26]
casme¢ò-3c   acc:0.9294871794871795   f1:0.9294871794871795   uf1:0.9122871249332438   uar:0.9117063492063493
[92, 3, 1]
[4, 26, 2]
[1, 0, 27]
casme¢ò-3c   acc:0.9166666666666666   f1:0.9166666666666666   uf1:0.8921927193816596   uar:0.8794642857142857
[93, 2, 1]
[5, 26, 1]
[2, 2, 24]
casme¢ò-3c   acc:0.8910256410256411   f1:0.8910256410256411   uf1:0.8647766458711733   uar:0.8725198412698413
[88, 5, 3]
[4, 27, 1]
[1, 3, 24]
casme¢ò-3c   acc:0.9166666666666666   f1:0.9166666666666666   uf1:0.9037469965582181   uar:0.896329365079365
[91, 1, 4]
[6, 26, 0]
[2, 0, 26]
casme¢ò-3c   acc:0.9230769230769231   f1:0.9230769230769231   uf1:0.9104219535254018   uar:0.8943452380952381
[93, 2, 1]
[8, 24, 0]
[1, 0, 27]
casme¢ò-3c   acc:0.9166666666666666   f1:0.9166666666666666   uf1:0.9003809257892742   uar:0.8655753968253969
[95, 1, 0]
[8, 24, 0]
[4, 0, 24]
casme¢ò-3c   acc:0.9230769230769231   f1:0.9230769230769231   uf1:0.906927575348628   uar:0.8983134920634921
[92, 1, 3]
[4, 27, 1]
[3, 0, 25]
casme¢ò-3c   acc:0.9038461538461539   f1:0.9038461538461539   uf1:0.8793947936531333   uar:0.8670634920634921
[92, 0, 4]
[7, 24, 1]
[2, 1, 25]
casme¢ò-3c   acc:0.9166666666666666   f1:0.9166666666666666   uf1:0.8951980646059594   uar:0.896329365079365
[91, 3, 2]
[5, 26, 1]
[0, 2, 26]
casme¢ò-3c   acc:0.9166666666666666   f1:0.9166666666666666   uf1:0.9000710984713828   uar:0.8978174603174603
[91, 1, 4]
[6, 25, 1]
[1, 0, 27]
casme¢ò-3c   acc:0.9294871794871795   f1:0.9294871794871795   uf1:0.9161308467409541   uar:0.8878968253968255
[95, 0, 1]
[7, 25, 0]
[3, 0, 25]
casme¢ò-3c   acc:0.8846153846153846   f1:0.8846153846153846   uf1:0.8657206896453015   uar:0.8705357142857143
[87, 4, 5]
[5, 26, 1]
[3, 0, 25]
casme¢ò-3c   acc:0.9230769230769231   f1:0.9230769230769231   uf1:0.906640004101933   uar:0.8913690476190476
[93, 2, 1]
[5, 26, 1]
[3, 0, 25]
casme¢ò-3c   acc:0.9166666666666666   f1:0.9166666666666666   uf1:0.8981069817564539   uar:0.9047619047619048
[90, 2, 4]
[4, 26, 2]
[1, 0, 27]
casme¢ò-3c   acc:0.9102564102564102   f1:0.9102564102564102   uf1:0.8928814460393407   uar:0.8720238095238096
[93, 0, 3]
[9, 23, 0]
[2, 0, 26]
casme¢ò-3c   acc:0.9230769230769231   f1:0.9230769230769231   uf1:0.9071510592796268   uar:0.8844246031746031
[94, 2, 0]
[7, 25, 0]
[2, 1, 25]
casme¢ò-3c   acc:0.8589743589743589   f1:0.8589743589743589   uf1:0.840432273462968   uar:0.878968253968254
[80, 10, 6]
[2, 28, 2]
[1, 1, 26]
casme¢ò-3c   acc:0.9038461538461539   f1:0.9038461538461539   uf1:0.8898186416979238   uar:0.8740079365079364
[91, 4, 1]
[7, 25, 0]
[3, 0, 25]
casme¢ò-3c   acc:0.9294871794871795   f1:0.9294871794871795   uf1:0.9147392290249433   uar:0.9032738095238096
[93, 2, 1]
[5, 26, 1]
[2, 0, 26]
casme¢ò-3c   acc:0.9166666666666666   f1:0.9166666666666666   uf1:0.8891584150204839   uar:0.8754960317460316
[94, 0, 2]
[7, 23, 2]
[1, 1, 26]
casme¢ò-3c   acc:0.9230769230769231   f1:0.9230769230769231   uf1:0.8985542086981714   uar:0.8829365079365079
[94, 1, 1]
[5, 26, 1]
[2, 2, 24]
casme¢ò-3c   acc:0.9230769230769231   f1:0.9230769230769231   uf1:0.9128898635477584   uar:0.9136904761904763
[90, 3, 3]
[4, 28, 0]
[2, 0, 26]
casme¢ò-3c   acc:0.9358974358974359   f1:0.9358974358974359   uf1:0.9214140271956671   uar:0.9067460317460316
[94, 1, 1]
[5, 26, 1]
[2, 0, 26]
casme¢ò-3c   acc:0.9166666666666666   f1:0.9166666666666666   uf1:0.9018084786292301   uar:0.896329365079365
[91, 3, 2]
[6, 26, 0]
[1, 1, 26]
samm-5c   acc:0.8014705882352942   f1:0.8014705882352942   uf1:0.7515124251966357   uar:0.726140350877193
[54, 0, 1, 2, 0]
[0, 7, 2, 3, 0]
[3, 0, 19, 3, 1]
[2, 0, 2, 20, 2]
[1, 0, 4, 1, 9]
samm-5c   acc:0.8235294117647058   f1:0.8235294117647058   uf1:0.7633208020050126   uar:0.7500674763832659
[53, 0, 0, 3, 1]
[0, 6, 4, 1, 1]
[1, 0, 21, 2, 2]
[1, 0, 2, 22, 1]
[0, 0, 4, 1, 10]
samm-5c   acc:0.7867647058823529   f1:0.7867647058823529   uf1:0.7337638067045347   uar:0.7155465587044534
[55, 0, 1, 0, 1]
[1, 8, 3, 0, 0]
[2, 0, 21, 2, 1]
[4, 1, 5, 14, 2]
[0, 0, 5, 1, 9]
samm-5c   acc:0.8308823529411765   f1:0.8308823529411766   uf1:0.778279298736325   uar:0.7556410256410258
[57, 0, 0, 0, 0]
[2, 7, 3, 0, 0]
[3, 1, 19, 2, 1]
[4, 0, 1, 19, 2]
[0, 1, 3, 0, 11]
samm-5c   acc:0.8161764705882353   f1:0.8161764705882353   uf1:0.7653299177146405   uar:0.7367341430499326
[53, 0, 3, 1, 0]
[0, 6, 3, 3, 0]
[2, 0, 21, 3, 0]
[1, 0, 3, 22, 0]
[0, 0, 4, 2, 9]
samm-5c   acc:0.7794117647058824   f1:0.7794117647058824   uf1:0.719410179166006   uar:0.6949392712550607
[53, 0, 2, 1, 1]
[2, 5, 3, 1, 1]
[5, 0, 16, 4, 1]
[2, 0, 2, 22, 0]
[0, 0, 4, 1, 10]
samm-5c   acc:0.8014705882352942   f1:0.8014705882352942   uf1:0.7361709183456949   uar:0.7154655870445344
[56, 0, 0, 1, 0]
[0, 8, 2, 2, 0]
[3, 1, 17, 4, 1]
[1, 0, 3, 21, 1]
[0, 0, 5, 3, 7]
samm-5c   acc:0.8014705882352942   f1:0.8014705882352942   uf1:0.7418577648766328   uar:0.7177732793522268
[56, 0, 1, 0, 0]
[1, 7, 2, 2, 0]
[2, 0, 19, 4, 1]
[4, 0, 2, 18, 2]
[0, 1, 3, 2, 9]
samm-5c   acc:0.7867647058823529   f1:0.7867647058823529   uf1:0.6839777869189633   uar:0.6669095816464238
[54, 1, 1, 1, 0]
[3, 4, 1, 4, 0]
[3, 0, 19, 4, 0]
[0, 0, 1, 24, 1]
[0, 0, 4, 5, 6]
samm-5c   acc:0.8235294117647058   f1:0.8235294117647058   uf1:0.7684810316389263   uar:0.7534008097165992
[53, 1, 3, 0, 0]
[1, 7, 3, 1, 0]
[3, 0, 20, 2, 1]
[0, 0, 2, 23, 1]
[0, 1, 3, 2, 9]
samm-5c   acc:0.8014705882352942   f1:0.8014705882352942   uf1:0.7186411705055772   uar:0.6964912280701754
[56, 0, 1, 0, 0]
[1, 4, 1, 6, 0]
[3, 2, 17, 4, 0]
[1, 0, 3, 22, 0]
[0, 0, 4, 1, 10]
samm-5c   acc:0.8235294117647058   f1:0.8235294117647058   uf1:0.7633757772026983   uar:0.758191632928475
[54, 1, 1, 0, 1]
[0, 8, 2, 0, 2]
[2, 0, 21, 2, 1]
[1, 2, 2, 20, 1]
[0, 0, 5, 1, 9]
samm-5c   acc:0.7867647058823529   f1:0.7867647058823529   uf1:0.7252771723476787   uar:0.7149392712550606
[53, 0, 1, 2, 1]
[2, 7, 1, 2, 0]
[2, 1, 18, 5, 0]
[0, 1, 3, 20, 2]
[0, 1, 4, 1, 9]
samm-5c   acc:0.7941176470588235   f1:0.7941176470588235   uf1:0.741958041958042   uar:0.7240890688259108
[54, 1, 0, 1, 1]
[0, 7, 2, 3, 0]
[4, 1, 17, 4, 0]
[2, 1, 3, 20, 0]
[0, 0, 4, 1, 10]
samm-5c   acc:0.8088235294117647   f1:0.8088235294117648   uf1:0.7606111464293281   uar:0.7400809716599189
[56, 1, 0, 0, 0]
[1, 8, 2, 1, 0]
[1, 3, 17, 5, 0]
[6, 0, 1, 19, 0]
[0, 0, 4, 1, 10]
samm-5c   acc:0.7720588235294118   f1:0.7720588235294118   uf1:0.7010037494621673   uar:0.6768151147098516
[52, 0, 1, 4, 0]
[1, 4, 4, 3, 0]
[4, 1, 18, 3, 0]
[2, 0, 2, 22, 0]
[0, 0, 4, 2, 9]
samm-5c   acc:0.8014705882352942   f1:0.8014705882352942   uf1:0.7374713751735615   uar:0.7129824561403508
[55, 0, 0, 2, 0]
[2, 6, 2, 2, 0]
[2, 0, 19, 4, 1]
[1, 1, 3, 20, 1]
[1, 0, 3, 2, 9]
samm-5c   acc:0.8014705882352942   f1:0.8014705882352942   uf1:0.7373794841804829   uar:0.7207422402159245
[51, 0, 3, 2, 1]
[2, 5, 3, 1, 1]
[3, 0, 20, 2, 1]
[0, 0, 2, 24, 0]
[0, 0, 3, 3, 9]
samm-5c   acc:0.7867647058823529   f1:0.7867647058823529   uf1:0.7392399023977971   uar:0.727246963562753
[53, 0, 2, 2, 0]
[0, 9, 1, 2, 0]
[1, 1, 20, 2, 2]
[2, 0, 5, 17, 2]
[1, 0, 3, 3, 8]
samm-5c   acc:0.7794117647058824   f1:0.7794117647058824   uf1:0.7307587935355631   uar:0.7108232118758435
[50, 1, 3, 3, 0]
[2, 6, 3, 1, 0]
[4, 1, 19, 2, 0]
[1, 0, 3, 22, 0]
[0, 1, 4, 1, 9]
samm-5c   acc:0.8088235294117647   f1:0.8088235294117648   uf1:0.7351515889535515   uar:0.7108502024291498
[56, 0, 0, 1, 0]
[1, 6, 2, 2, 1]
[3, 0, 20, 3, 0]
[1, 0, 4, 20, 1]
[0, 1, 4, 2, 8]
samm-5c   acc:0.8014705882352942   f1:0.8014705882352942   uf1:0.7046738637308346   uar:0.6776923076923077
[57, 0, 0, 0, 0]
[5, 3, 2, 2, 0]
[3, 0, 21, 2, 0]
[4, 1, 1, 19, 1]
[1, 1, 2, 2, 9]
samm-5c   acc:0.8088235294117647   f1:0.8088235294117648   uf1:0.7313324528578766   uar:0.7127260458839406
[55, 0, 1, 0, 1]
[1, 7, 2, 2, 0]
[3, 1, 19, 3, 0]
[0, 0, 3, 23, 0]
[2, 1, 4, 2, 6]
samm-5c   acc:0.7867647058823529   f1:0.7867647058823529   uf1:0.7091253474162019   uar:0.7026315789473684
[53, 1, 1, 1, 1]
[1, 5, 3, 2, 1]
[2, 1, 20, 2, 1]
[2, 2, 2, 19, 1]
[0, 0, 3, 2, 10]
samm-5c   acc:0.8161764705882353   f1:0.8161764705882353   uf1:0.7178637974245959   uar:0.7122941970310391
[54, 2, 0, 0, 1]
[0, 5, 3, 3, 1]
[1, 0, 22, 3, 0]
[0, 0, 2, 23, 1]
[0, 1, 4, 3, 7]
samm-5c   acc:0.7941176470588235   f1:0.7941176470588235   uf1:0.7103098558537442   uar:0.6996491228070175
[55, 0, 1, 0, 1]
[1, 6, 3, 1, 1]
[1, 1, 19, 5, 0]
[1, 2, 3, 20, 0]
[0, 2, 4, 1, 8]
samm-5c   acc:0.7573529411764706   f1:0.7573529411764706   uf1:0.7202248865406761   uar:0.7015114709851551
[51, 0, 3, 3, 0]
[0, 8, 2, 2, 0]
[2, 0, 17, 5, 2]
[1, 0, 5, 18, 2]
[0, 0, 4, 2, 9]
samm-5c   acc:0.8014705882352942   f1:0.8014705882352942   uf1:0.7371867304070695   uar:0.7219568151147099
[55, 0, 1, 0, 1]
[1, 7, 3, 1, 0]
[1, 1, 22, 2, 0]
[3, 1, 4, 16, 2]
[0, 0, 3, 3, 9]
samm-5c   acc:0.8161764705882353   f1:0.8161764705882353   uf1:0.7738038567305772   uar:0.7513495276653172
[53, 0, 2, 0, 2]
[0, 7, 4, 1, 0]
[1, 0, 23, 2, 0]
[5, 0, 2, 18, 1]
[0, 0, 4, 1, 10]
samm-5c   acc:0.8161764705882353   f1:0.8161764705882353   uf1:0.7698159457019522   uar:0.7552901484480432
[55, 1, 0, 0, 1]
[0, 9, 1, 0, 2]
[1, 1, 20, 4, 0]
[6, 0, 2, 18, 0]
[0, 0, 5, 1, 9]
samm-3c   acc:0.8947368421052632   f1:0.8947368421052632   uf1:0.8182049514053061   uar:0.7827015979189892
[91, 0, 1]
[7, 18, 1]
[2, 3, 10]
samm-3c   acc:0.8646616541353384   f1:0.8646616541353384   uf1:0.7748068924539512   uar:0.749405425492382
[87, 5, 0]
[5, 20, 1]
[3, 4, 8]
samm-3c   acc:0.8872180451127819   f1:0.8872180451127819   uf1:0.8375540079356679   uar:0.8344667409884802
[85, 6, 1]
[4, 22, 0]
[0, 4, 11]
samm-3c   acc:0.8796992481203008   f1:0.8796992481203008   uf1:0.794206065904179   uar:0.7846525455221106
[88, 4, 0]
[4, 19, 3]
[1, 4, 10]
samm-3c   acc:0.8721804511278195   f1:0.8721804511278195   uf1:0.8034614768087653   uar:0.7996283909327387
[86, 5, 1]
[5, 19, 2]
[1, 3, 11]
samm-3c   acc:0.8421052631578947   f1:0.8421052631578947   uf1:0.7626854020296642   uar:0.7571348940914159
[83, 7, 2]
[5, 20, 1]
[3, 3, 9]
samm-3c   acc:0.8421052631578947   f1:0.8421052631578947   uf1:0.781011376032414   uar:0.7853400222965442
[83, 7, 2]
[7, 17, 2]
[2, 1, 12]
samm-3c   acc:0.8646616541353384   f1:0.8646616541353384   uf1:0.7970986892555519   uar:0.7774061687105166
[86, 4, 2]
[7, 19, 0]
[2, 3, 10]
samm-3c   acc:0.8947368421052632   f1:0.8947368421052632   uf1:0.8356374807987712   uar:0.8100891861761427
[87, 5, 0]
[3, 23, 0]
[4, 2, 9]
samm-3c   acc:0.8796992481203008   f1:0.8796992481203008   uf1:0.8232600732600731   uar:0.8216462281679674
[85, 6, 1]
[4, 21, 1]
[1, 3, 11]
samm-3c   acc:0.8721804511278195   f1:0.8721804511278195   uf1:0.7832719281235861   uar:0.7534373838721664
[90, 2, 0]
[8, 16, 2]
[1, 4, 10]
samm-3c   acc:0.9097744360902256   f1:0.9097744360902256   uf1:0.8562963932328586   uar:0.845540691192865
[89, 2, 1]
[5, 20, 1]
[0, 3, 12]
samm-3c   acc:0.8947368421052632   f1:0.8947368421052632   uf1:0.8295852073963018   uar:0.8100891861761427
[87, 5, 0]
[3, 23, 0]
[2, 4, 9]
samm-3c   acc:0.8646616541353384   f1:0.8646616541353384   uf1:0.7860371820682431   uar:0.7772017837235229
[85, 6, 1]
[4, 21, 1]
[2, 4, 9]
samm-3c   acc:0.8571428571428571   f1:0.8571428571428571   uf1:0.7838827838827838   uar:0.7829803047194351
[84, 6, 2]
[5, 20, 1]
[1, 4, 10]
samm-3c   acc:0.8721804511278195   f1:0.8721804511278195   uf1:0.7981949085397361   uar:0.7996283909327387
[86, 6, 0]
[4, 19, 3]
[0, 4, 11]
samm-3c   acc:0.9022556390977443   f1:0.9022556390977443   uf1:0.8479813146479813   uar:0.8325157933853586
[88, 4, 0]
[4, 21, 1]
[1, 3, 11]
samm-3c   acc:0.9172932330827067   f1:0.9172932330827067   uf1:0.8690652557319224   uar:0.8397621701969529
[90, 2, 0]
[4, 21, 1]
[3, 1, 11]
samm-3c   acc:0.8646616541353384   f1:0.8646616541353384   uf1:0.778939698294537   uar:0.7680044593088072
[86, 3, 3]
[5, 20, 1]
[3, 3, 9]
samm-3c   acc:0.8646616541353384   f1:0.8646616541353384   uf1:0.790453514739229   uar:0.7496098104793757
[88, 3, 1]
[8, 18, 0]
[4, 2, 9]
samm-3c   acc:0.8646616541353384   f1:0.8646616541353384   uf1:0.7676116838487973   uar:0.7218134522482349
[90, 2, 0]
[8, 17, 1]
[4, 3, 8]
samm-3c   acc:0.8646616541353384   f1:0.8646616541353384   uf1:0.7771650889930459   uar:0.7588071348940915
[87, 5, 0]
[5, 19, 2]
[2, 4, 9]
samm-3c   acc:0.8796992481203008   f1:0.8796992481203008   uf1:0.8163673243592108   uar:0.8032515793385359
[87, 4, 1]
[5, 19, 2]
[3, 1, 11]
samm-3c   acc:0.8872180451127819   f1:0.8872180451127819   uf1:0.8166517626702147   uar:0.806874767744333
[88, 3, 1]
[5, 19, 2]
[1, 3, 11]
samm-3c   acc:0.8796992481203008   f1:0.8796992481203008   uf1:0.792357968828557   uar:0.7752508361204015
[88, 2, 2]
[5, 20, 1]
[2, 4, 9]
samm-3c   acc:0.8721804511278195   f1:0.8721804511278195   uf1:0.8002268002268002   uar:0.7810293571163136
[87, 5, 0]
[6, 19, 1]
[0, 5, 10]
samm-3c   acc:0.8872180451127819   f1:0.8872180451127819   uf1:0.8350052223048774   uar:0.8160720921590486
[87, 5, 0]
[5, 20, 1]
[2, 2, 11]
samm-3c   acc:0.8872180451127819   f1:0.8872180451127819   uf1:0.8437840369027937   uar:0.8160720921590486
[87, 5, 0]
[6, 20, 0]
[2, 2, 11]
samm-3c   acc:0.9022556390977443   f1:0.9022556390977443   uf1:0.8609986504723347   uar:0.8233184689706429
[89, 3, 0]
[6, 20, 0]
[3, 1, 11]
samm-3c   acc:0.8646616541353384   f1:0.8646616541353384   uf1:0.7986516216024412   uar:0.7958008175399479
[84, 6, 2]
[4, 21, 1]
[3, 2, 10]
smic-3c   acc:0.7865853658536586   f1:0.7865853658536586   uf1:0.784639760934254   uar:0.7679521420971489
[65, 3, 2]
[19, 31, 1]
[9, 1, 33]
smic-3c   acc:0.7865853658536586   f1:0.7865853658536586   uf1:0.7882014759661168   uar:0.7773804095281523
[59, 3, 8]
[13, 38, 0]
[10, 1, 32]
smic-3c   acc:0.774390243902439   f1:0.7743902439024389   uf1:0.7738679759956355   uar:0.7595444379302109
[61, 6, 3]
[15, 35, 1]
[10, 2, 31]
smic-3c   acc:0.7317073170731707   f1:0.7317073170731707   uf1:0.7313855357333617   uar:0.7322910559572667
[54, 6, 10]
[18, 30, 3]
[6, 1, 36]
smic-3c   acc:0.7621951219512195   f1:0.7621951219512195   uf1:0.762962962962963   uar:0.7571168002084554
[55, 10, 5]
[11, 39, 1]
[8, 4, 31]
smic-3c   acc:0.7804878048780488   f1:0.7804878048780488   uf1:0.7782178671440416   uar:0.7744924326319675
[59, 5, 6]
[13, 34, 4]
[7, 1, 35]
smic-3c   acc:0.7560975609756098   f1:0.7560975609756099   uf1:0.7548292393195027   uar:0.7464747139165744
[58, 8, 4]
[15, 34, 2]
[7, 4, 32]
smic-3c   acc:0.75   f1:0.75   uf1:0.7439524362342024   uar:0.7304106138579463
[62, 1, 7]
[19, 31, 1]
[10, 3, 30]
smic-3c   acc:0.7865853658536586   f1:0.7865853658536586   uf1:0.7868696034757741   uar:0.7845764662454129
[57, 6, 7]
[11, 37, 3]
[7, 1, 35]
smic-3c   acc:0.7682926829268293   f1:0.7682926829268293   uf1:0.759796762808811   uar:0.7435802227867891
[67, 2, 1]
[23, 27, 1]
[8, 3, 32]
smic-3c   acc:0.774390243902439   f1:0.7743902439024389   uf1:0.7727144866385373   uar:0.7589863852517751
[62, 5, 3]
[16, 33, 2]
[10, 1, 32]
smic-3c   acc:0.7621951219512195   f1:0.7621951219512195   uf1:0.7680502769704648   uar:0.7630968666536382
[53, 12, 5]
[12, 39, 0]
[7, 3, 33]
smic-3c   acc:0.7804878048780488   f1:0.7804878048780488   uf1:0.7786274076588834   uar:0.7619742470631663
[64, 3, 3]
[18, 32, 1]
[10, 1, 32]
smic-3c   acc:0.7621951219512195   f1:0.7621951219512195   uf1:0.7589912280701755   uar:0.7494625757279656
[60, 7, 3]
[16, 33, 2]
[6, 5, 32]
smic-3c   acc:0.7621951219512195   f1:0.7621951219512195   uf1:0.7555858517003711   uar:0.7435823941979893
[64, 2, 4]
[22, 28, 1]
[7, 3, 33]
smic-3c   acc:0.7804878048780488   f1:0.7804878048780488   uf1:0.7715237631380191   uar:0.7668382081514777
[64, 1, 5]
[19, 28, 4]
[6, 1, 36]
smic-3c   acc:0.7682926829268293   f1:0.7682926829268293   uf1:0.7672418427135409   uar:0.7606627146982824
[56, 11, 3]
[9, 40, 2]
[9, 4, 30]
smic-3c   acc:0.7378048780487805   f1:0.7378048780487805   uf1:0.7415916653030056   uar:0.7589994137189761
[44, 14, 12]
[8, 39, 4]
[4, 1, 38]
smic-3c   acc:0.75   f1:0.75   uf1:0.7509856630824373   uar:0.7393807135257203
[59, 8, 3]
[19, 31, 1]
[7, 3, 33]
smic-3c   acc:0.7560975609756098   f1:0.7560975609756099   uf1:0.7505078994575202   uar:0.7332985907541311
[62, 7, 1]
[15, 35, 1]
[12, 4, 27]
smic-3c   acc:0.75   f1:0.75   uf1:0.746652707938936   uar:0.7291946235858684
[62, 3, 5]
[18, 32, 1]
[13, 1, 29]
smic-3c   acc:0.7804878048780488   f1:0.7804878048780488   uf1:0.782248667897307   uar:0.7809306668403796
[54, 11, 5]
[9, 41, 1]
[5, 5, 33]
smic-3c   acc:0.7621951219512195   f1:0.7621951219512195   uf1:0.7559859691932287   uar:0.7405923609753979
[65, 1, 4]
[23, 28, 0]
[8, 3, 32]
smic-3c   acc:0.7682926829268293   f1:0.7682926829268293   uf1:0.7657602441587031   uar:0.7506763945888433
[63, 5, 2]
[18, 31, 2]
[10, 1, 32]
smic-3c   acc:0.725609756097561   f1:0.7256097560975608   uf1:0.7317955849411687   uar:0.7256552233296419
[52, 13, 5]
[16, 34, 1]
[7, 3, 33]
smic-3c   acc:0.7682926829268293   f1:0.7682926829268293   uf1:0.7692894915117138   uar:0.7613206522919245
[57, 8, 5]
[13, 37, 1]
[8, 3, 32]
smic-3c   acc:0.774390243902439   f1:0.7743902439024389   uf1:0.7718927658686695   uar:0.751890213449721
[66, 2, 2]
[22, 29, 0]
[10, 1, 32]
smic-3c   acc:0.7926829268292683   f1:0.7926829268292683   uf1:0.7968633655994043   uar:0.783358304562135
[60, 7, 3]
[14, 37, 0]
[9, 1, 33]
smic-3c   acc:0.7682926829268293   f1:0.7682926829268293   uf1:0.7672410378292732   uar:0.7643106855145159
[56, 8, 6]
[11, 37, 3]
[7, 3, 33]
smic-3c   acc:0.7865853658536586   f1:0.7865853658536586   uf1:0.7785619730064175   uar:0.7728161031854602
[65, 0, 5]
[21, 27, 3]
[6, 0, 37]
full-3c   acc:0.9050772626931567   f1:0.9050772626931568   uf1:0.8930894618156545   uar:0.9006827394922124
[237, 8, 13]
[12, 93, 4]
[4, 2, 80]
full-3c   acc:0.8852097130242825   f1:0.8852097130242825   uf1:0.8691363453533674   uar:0.8584737927601166
[243, 7, 8]
[23, 83, 3]
[8, 3, 75]
full-3c   acc:0.8940397350993378   f1:0.8940397350993377   uf1:0.8799168152109328   uar:0.8856529881705901
[235, 15, 8]
[9, 94, 6]
[8, 2, 76]
full-3c   acc:0.891832229580574   f1:0.891832229580574   uf1:0.8732628868795261   uar:0.8581300523907736
[247, 8, 3]
[22, 85, 2]
[6, 8, 72]
full-3c   acc:0.8940397350993378   f1:0.8940397350993377   uf1:0.8777848642407818   uar:0.8898726975321812
[234, 12, 12]
[10, 92, 7]
[3, 4, 79]
full-3c   acc:0.8874172185430463   f1:0.8874172185430463   uf1:0.8740543945064078   uar:0.8789322712941231
[235, 11, 12]
[15, 88, 6]
[7, 0, 79]
full-3c   acc:0.9028697571743929   f1:0.9028697571743929   uf1:0.8890545832190343   uar:0.8855226038925634
[242, 9, 7]
[15, 91, 3]
[6, 4, 76]
full-3c   acc:0.9094922737306843   f1:0.9094922737306844   uf1:0.8946182848608846   uar:0.9015006045089254
[240, 9, 9]
[9, 92, 8]
[5, 1, 80]
full-3c   acc:0.8940397350993378   f1:0.8940397350993377   uf1:0.8811852722920746   uar:0.8822511438257118
[236, 11, 11]
[12, 95, 2]
[9, 3, 74]
full-3c   acc:0.8830022075055187   f1:0.8830022075055186   uf1:0.8671219219055164   uar:0.8730768318991062
[233, 13, 12]
[13, 92, 4]
[6, 5, 75]
full-3c   acc:0.8984547461368654   f1:0.8984547461368654   uf1:0.880284421460892   uar:0.8810421259749188
[242, 6, 10]
[14, 87, 8]
[6, 2, 78]
full-3c   acc:0.8896247240618101   f1:0.8896247240618101   uf1:0.8733818916354744   uar:0.8732901879904227
[239, 9, 10]
[16, 87, 6]
[7, 2, 77]
full-3c   acc:0.891832229580574   f1:0.891832229580574   uf1:0.8728771767606719   uar:0.8747125619325321
[239, 12, 7]
[12, 90, 7]
[6, 5, 75]
full-3c   acc:0.8852097130242825   f1:0.8852097130242825   uf1:0.865847864063226   uar:0.8690704786288315
[237, 11, 10]
[14, 89, 6]
[5, 6, 75]
full-3c   acc:0.8852097130242825   f1:0.8852097130242825   uf1:0.8714439076757917   uar:0.8829386245643979
[231, 12, 15]
[14, 91, 4]
[3, 4, 79]
full-3c   acc:0.8984547461368654   f1:0.8984547461368654   uf1:0.8828409920901059   uar:0.8821207595476851
[240, 9, 9]
[13, 92, 4]
[7, 4, 75]
full-3c   acc:0.8984547461368654   f1:0.8984547461368654   uf1:0.8858644356189366   uar:0.8838868738591374
[239, 13, 6]
[14, 93, 2]
[6, 5, 75]
full-3c   acc:0.9028697571743929   f1:0.9028697571743929   uf1:0.8873528991793034   uar:0.8916388118436336
[239, 9, 10]
[11, 93, 5]
[5, 4, 77]
full-3c   acc:0.9006622516556292   f1:0.9006622516556292   uf1:0.8826397826397826   uar:0.893879050802456
[236, 12, 10]
[7, 95, 7]
[3, 6, 77]
full-3c   acc:0.9006622516556292   f1:0.9006622516556292   uf1:0.8827216416271942   uar:0.868465969703435
[249, 7, 2]
[17, 85, 7]
[11, 1, 74]
full-3c   acc:0.8896247240618101   f1:0.8896247240618101   uf1:0.8761604194541377   uar:0.874368821563189
[237, 13, 8]
[14, 92, 3]
[9, 3, 74]
full-3c   acc:0.8785871964679912   f1:0.8785871964679912   uf1:0.867210495367989   uar:0.8641158760638171
[236, 12, 10]
[22, 84, 3]
[8, 0, 78]
full-3c   acc:0.891832229580574   f1:0.891832229580574   uf1:0.8702989679978664   uar:0.8642462603418438
[244, 7, 7]
[16, 87, 6]
[7, 6, 73]
full-3c   acc:0.8896247240618101   f1:0.8896247240618101   uf1:0.8716805659231435   uar:0.8796671644975463
[234, 11, 13]
[7, 95, 7]
[9, 3, 74]
full-3c   acc:0.8874172185430463   f1:0.8874172185430463   uf1:0.8750049162739096   uar:0.8738946969158192
[236, 17, 5]
[13, 91, 5]
[10, 1, 75]
full-3c   acc:0.8984547461368654   f1:0.8984547461368654   uf1:0.883210991906644   uar:0.8917691961216603
[235, 13, 10]
[9, 96, 4]
[4, 6, 76]
full-3c   acc:0.8940397350993378   f1:0.8940397350993377   uf1:0.8750237981332499   uar:0.8795367802195196
[238, 9, 11]
[12, 92, 5]
[4, 7, 75]
full-3c   acc:0.8896247240618101   f1:0.8896247240618101   uf1:0.8732994298042841   uar:0.8681222293340919
[241, 7, 10]
[18, 87, 4]
[8, 3, 75]
full-3c   acc:0.8962472406181016   f1:0.8962472406181016   uf1:0.8784389601363337   uar:0.8843609985065074
[237, 11, 10]
[9, 94, 6]
[6, 5, 75]
full-3c   acc:0.891832229580574   f1:0.891832229580574   uf1:0.8744314980936894   uar:0.867648104686722
[243, 6, 9]
[19, 86, 4]
[7, 4, 75]
casme¢ò-5c   acc:0.8634538152610441   f1:0.8634538152610441   uf1:0.8419573773789806   uar:0.8297679172679173
[57, 0, 6, 0, 0]
[2, 26, 2, 2, 0]
[3, 4, 90, 1, 1]
[1, 4, 5, 17, 0]
[1, 1, 1, 0, 25]
casme¢ò-5c   acc:0.8152610441767069   f1:0.8152610441767069   uf1:0.8021584470191909   uar:0.7907708032708033
[50, 2, 10, 0, 1]
[1, 22, 7, 1, 1]
[4, 7, 87, 1, 0]
[1, 1, 6, 17, 2]
[0, 0, 1, 0, 27]
casme¢ò-3c   acc:0.9166666666666666   f1:0.9166666666666666   uf1:0.8915975567311344   uar:0.876984126984127
[94, 0, 2]
[8, 22, 2]
[1, 0, 27]
casme¢ò-3c   acc:0.9230769230769231   f1:0.9230769230769231   uf1:0.9094002422300423   uar:0.9166666666666666
[90, 3, 3]
[5, 26, 1]
[0, 0, 28]
casme¢ò-3c   acc:0.9294871794871795   f1:0.9294871794871795   uf1:0.9150017774617846   uar:0.910218253968254
[92, 0, 4]
[5, 27, 0]
[1, 1, 26]
casme¢ò-3c   acc:0.9294871794871795   f1:0.9294871794871795   uf1:0.9135163899531715   uar:0.8893849206349206
[95, 1, 0]
[8, 24, 0]
[1, 1, 26]
samm-5c   acc:0.7720588235294118   f1:0.7720588235294118   uf1:0.7216941549017021   uar:0.7156815114709851
[47, 2, 3, 4, 1]
[1, 6, 3, 2, 0]
[0, 0, 24, 2, 0]
[1, 0, 5, 19, 1]
[0, 0, 4, 2, 9]
samm-5c   acc:0.75   f1:0.75   uf1:0.6969746077447215   uar:0.6716869095816465
[52, 1, 3, 1, 0]
[4, 6, 2, 0, 0]
[5, 0, 17, 0, 4]
[3, 0, 4, 18, 1]
[0, 0, 4, 2, 9]
samm-3c   acc:0.8796992481203008   f1:0.8796992481203008   uf1:0.8070846652145626   uar:0.8032515793385359
[87, 4, 1]
[5, 19, 2]
[0, 4, 11]
samm-3c   acc:0.9097744360902256   f1:0.9097744360902256   uf1:0.8616683552853767   uar:0.8457450761798588
[90, 2, 0]
[6, 18, 2]
[1, 1, 13]
samm-3c   acc:0.8571428571428571   f1:0.8571428571428571   uf1:0.8046634870164283   uar:0.8017837235228539
[84, 5, 3]
[8, 18, 0]
[1, 2, 12]
samm-3c   acc:0.8796992481203008   f1:0.8796992481203008   uf1:0.806439393939394   uar:0.785061315496098
[90, 2, 0]
[8, 15, 3]
[2, 1, 12]
smic-3c   acc:0.75   f1:0.75   uf1:0.7492001669216859   uar:0.7351746900310512
[60, 7, 3]
[17, 32, 2]
[11, 1, 31]
smic-3c   acc:0.7682926829268293   f1:0.7682926829268293   uf1:0.7631326152236687   uar:0.7524504375393568
[62, 3, 5]
[17, 32, 2]
[8, 3, 32]
full-3c   acc:0.8984547461368654   f1:0.8984547461368654   uf1:0.8882501485442663   uar:0.8942227911717989
[235, 16, 7]
[12, 93, 4]
[5, 2, 79]
full-3c   acc:0.8962472406181016   f1:0.8962472406181016   uf1:0.8761463794586785   uar:0.8695446032762013
[244, 7, 7]
[15, 90, 4]
[7, 7, 72]
casme¢ò-5c   acc:0.8152610441767069   f1:0.8152610441767069   uf1:0.7974714838486261   uar:0.7834926647426648
[54, 1, 8, 0, 0]
[3, 19, 3, 6, 1]
[11, 0, 86, 2, 0]
[2, 3, 2, 20, 0]
[0, 0, 4, 0, 24]
casme¢ò-5c   acc:0.7951807228915663   f1:0.7951807228915663   uf1:0.7618594975678533   uar:0.7677398989898989
[54, 1, 5, 3, 0]
[2, 19, 4, 5, 2]
[4, 3, 82, 10, 0]
[0, 6, 3, 18, 0]
[0, 0, 1, 2, 25]
casme¢ò-3c   acc:0.8846153846153846   f1:0.8846153846153846   uf1:0.8756326902493609   uar:0.9037698412698413
[82, 13, 1]
[0, 32, 0]
[2, 2, 24]
casme¢ò-3c   acc:0.9166666666666666   f1:0.9166666666666666   uf1:0.8967733495012453   uar:0.8978174603174603
[91, 1, 4]
[5, 25, 2]
[1, 0, 27]
casme¢ò-3c   acc:0.9038461538461539   f1:0.9038461538461539   uf1:0.8764931438295444   uar:0.8754960317460316
[91, 4, 1]
[6, 24, 2]
[0, 2, 26]
casme¢ò-3c   acc:0.9487179487179487   f1:0.9487179487179487   uf1:0.9408529741863075   uar:0.9206349206349206
[95, 1, 0]
[5, 27, 0]
[2, 0, 26]
samm-5c   acc:0.7941176470588235   f1:0.7941176470588235   uf1:0.7405507010770169   uar:0.7376653171390014
[51, 1, 4, 0, 1]
[0, 9, 1, 2, 0]
[3, 0, 19, 4, 0]
[0, 2, 1, 22, 1]
[0, 0, 5, 3, 7]
samm-5c   acc:0.7941176470588235   f1:0.7941176470588235   uf1:0.7441429661109294   uar:0.737246963562753
[53, 0, 1, 3, 0]
[0, 8, 1, 3, 0]
[2, 1, 20, 2, 1]
[1, 1, 5, 17, 2]
[1, 1, 3, 0, 10]
samm-3c   acc:0.8646616541353384   f1:0.8646616541353384   uf1:0.7869988586969718   uar:0.7774061687105166
[86, 6, 0]
[4, 19, 3]
[3, 2, 10]
samm-3c   acc:0.9097744360902256   f1:0.9097744360902256   uf1:0.8694744606306473   uar:0.8549424005945744
[89, 3, 0]
[6, 19, 1]
[0, 2, 13]
samm-3c   acc:0.8796992481203008   f1:0.8796992481203008   uf1:0.8075593045052033   uar:0.775455221107395
[89, 2, 1]
[7, 18, 1]
[3, 2, 10]
samm-3c   acc:0.8796992481203008   f1:0.8796992481203008   uf1:0.8404496469713861   uar:0.8404496469713861
[85, 6, 1]
[6, 19, 1]
[1, 1, 13]
smic-3c   acc:0.774390243902439   f1:0.7743902439024389   uf1:0.7746127946127945   uar:0.7697305278700628
[58, 3, 9]
[14, 34, 3]
[8, 0, 35]
smic-3c   acc:0.7926829268292683   f1:0.7926829268292683   uf1:0.7891699287363244   uar:0.7769200703537229
[65, 0, 5]
[20, 30, 1]
[7, 1, 35]
full-3c   acc:0.9028697571743929   f1:0.9028697571743929   uf1:0.8880525612485876   uar:0.8845743545978237
[243, 6, 9]
[16, 89, 4]
[6, 3, 77]
full-3c   acc:0.8896247240618101   f1:0.8896247240618101   uf1:0.8739704527479452   uar:0.880615413792286
[233, 17, 8]
[8, 97, 4]
[7, 6, 73]
casme¢ò-5c   acc:0.7871485943775101   f1:0.78714859437751   uf1:0.7763203704561867   uar:0.777281746031746
[54, 1, 6, 2, 0]
[3, 21, 4, 3, 1]
[11, 4, 77, 7, 0]
[2, 1, 6, 18, 0]
[0, 0, 0, 2, 26]
casme¢ò-5c   acc:0.7791164658634538   f1:0.7791164658634538   uf1:0.7640136109101625   uar:0.755429292929293
[54, 1, 8, 0, 0]
[5, 18, 7, 1, 1]
[11, 5, 79, 3, 1]
[2, 2, 5, 18, 0]
[0, 0, 0, 3, 25]
casme¢ò-3c   acc:0.8974358974358975   f1:0.8974358974358975   uf1:0.8731343212296453   uar:0.8774801587301587
[89, 3, 4]
[5, 26, 1]
[1, 2, 25]
casme¢ò-3c   acc:0.9230769230769231   f1:0.9230769230769231   uf1:0.9052944975662008   uar:0.8844246031746031
[94, 0, 2]
[7, 25, 0]
[2, 1, 25]
casme¢ò-3c   acc:0.9294871794871795   f1:0.9294871794871795   uf1:0.9127084942637255   uar:0.9186507936507936
[91, 2, 3]
[3, 27, 2]
[1, 0, 27]
casme¢ò-3c   acc:0.9102564102564102   f1:0.9102564102564102   uf1:0.8887725117104536   uar:0.8621031746031745
[94, 0, 2]
[8, 24, 0]
[3, 1, 24]
samm-5c   acc:0.7720588235294118   f1:0.7720588235294118   uf1:0.7376133751306164   uar:0.7216869095816464
[52, 1, 2, 1, 1]
[1, 9, 0, 2, 0]
[3, 0, 16, 7, 0]
[2, 0, 3, 19, 2]
[1, 0, 3, 2, 9]
samm-5c   acc:0.7867647058823529   f1:0.7867647058823529   uf1:0.731669127842094   uar:0.7036572199730096
[53, 0, 3, 1, 0]
[0, 7, 3, 2, 0]
[6, 0, 16, 3, 1]
[0, 0, 2, 24, 0]
[0, 0, 6, 2, 7]
samm-3c   acc:0.8796992481203008   f1:0.8796992481203008   uf1:0.7881944444444445   uar:0.7758639910813825
[91, 0, 1]
[8, 14, 4]
[1, 2, 12]
samm-3c   acc:0.8872180451127819   f1:0.8872180451127819   uf1:0.839730320280605   uar:0.8348755109624676
[87, 3, 2]
[7, 18, 1]
[1, 1, 13]
samm-3c   acc:0.9097744360902256   f1:0.9097744360902256   uf1:0.8581262600870444   uar:0.8361389817911556
[89, 3, 0]
[4, 21, 1]
[2, 2, 11]
samm-3c   acc:0.8646616541353384   f1:0.8646616541353384   uf1:0.7774061687105164   uar:0.7774061687105166
[86, 5, 1]
[3, 19, 4]
[3, 2, 10]
smic-3c   acc:0.7865853658536586   f1:0.7865853658536586   uf1:0.7781479013990672   uar:0.7620719605671726
[69, 0, 1]
[24, 26, 1]
[8, 1, 34]
smic-3c   acc:0.7926829268292683   f1:0.7926829268292683   uf1:0.7909206115607882   uar:0.7815842616116214
[61, 6, 3]
[13, 36, 2]
[7, 3, 33]
full-3c   acc:0.869757174392936   f1:0.869757174392936   uf1:0.8537599837349222   uar:0.8643766446198707
[228, 15, 15]
[13, 90, 6]
[7, 3, 76]
full-3c   acc:0.8830022075055187   f1:0.8830022075055186   uf1:0.866742878893166   uar:0.8775573098167508
[230, 16, 12]
[8, 96, 5]
[7, 5, 74]
casme¢ò-5c   acc:0.7871485943775101   f1:0.78714859437751   uf1:0.7742049319727891   uar:0.7618867243867244
[51, 1, 11, 0, 0]
[2, 22, 4, 3, 1]
[11, 1, 82, 4, 1]
[1, 3, 8, 15, 0]
[0, 1, 1, 0, 26]
casme¢ò-5c   acc:0.7911646586345381   f1:0.791164658634538   uf1:0.7465592288185356   uar:0.7514640452140451
[57, 2, 4, 0, 0]
[1, 25, 3, 1, 2]
[12, 5, 80, 2, 0]
[2, 12, 3, 10, 0]
[0, 1, 1, 1, 25]
casme¢ò-3c   acc:0.9166666666666666   f1:0.9166666666666666   uf1:0.8915975567311344   uar:0.876984126984127
[94, 0, 2]
[8, 22, 2]
[1, 0, 27]
casme¢ò-3c   acc:0.9358974358974359   f1:0.9358974358974359   uf1:0.9214140271956671   uar:0.9067460317460316
[94, 1, 1]
[5, 26, 1]
[2, 0, 26]
casme¢ò-3c   acc:0.9166666666666666   f1:0.9166666666666666   uf1:0.895528892990822   uar:0.8809523809523809
[93, 2, 1]
[6, 25, 1]
[2, 1, 25]
casme¢ò-3c   acc:0.9038461538461539   f1:0.9038461538461539   uf1:0.8844073460487376   uar:0.8740079365079364
[91, 1, 4]
[7, 25, 0]
[2, 1, 25]
samm-5c   acc:0.8235294117647058   f1:0.8235294117647058   uf1:0.7426200209440329   uar:0.7222941970310391
[54, 0, 2, 0, 1]
[0, 4, 5, 3, 0]
[3, 0, 21, 2, 0]
[0, 0, 2, 24, 0]
[1, 0, 3, 2, 9]
samm-5c   acc:0.8529411764705882   f1:0.8529411764705882   uf1:0.7973995333160488   uar:0.7724696356275303
[55, 0, 1, 1, 0]
[1, 6, 3, 2, 0]
[2, 1, 21, 2, 0]
[1, 0, 1, 24, 0]
[0, 0, 4, 1, 10]
