casme¢ò-5c   acc:0.8152610441767069   f1:0.8152610441767069   uf1:0.8113625913495348   uar:0.8350168350168351
[53, 1, 6, 2, 1]
[2, 24, 2, 1, 3]
[8, 8, 76, 7, 0]
[0, 2, 2, 23, 0]
[0, 0, 1, 0, 27]
casme¢ò-5c   acc:0.8072289156626506   f1:0.8072289156626506   uf1:0.7955017593105683   uar:0.7944474506974506
[57, 2, 3, 1, 0]
[1, 23, 5, 2, 1]
[12, 4, 78, 5, 0]
[1, 1, 6, 19, 0]
[0, 0, 1, 3, 24]
casme¢ò-5c   acc:0.8072289156626506   f1:0.8072289156626506   uf1:0.811203786634821   uar:0.8003427128427129
[52, 0, 9, 2, 0]
[1, 22, 6, 2, 1]
[12, 3, 81, 2, 1]
[0, 0, 6, 21, 0]
[0, 1, 2, 0, 25]
casme¢ò-5c   acc:0.8032128514056225   f1:0.8032128514056225   uf1:0.7863478399178092   uar:0.797291366041366
[55, 0, 8, 0, 0]
[3, 21, 1, 6, 1]
[8, 5, 78, 8, 0]
[2, 2, 2, 20, 1]
[0, 1, 0, 1, 26]
casme¢ò-5c   acc:0.8072289156626506   f1:0.8072289156626506   uf1:0.8035367765912735   uar:0.8194354256854256
[56, 2, 5, 0, 0]
[0, 23, 3, 5, 1]
[13, 6, 74, 6, 0]
[2, 3, 1, 21, 0]
[0, 0, 1, 0, 27]
casme¢ò-5c   acc:0.8152610441767069   f1:0.8152610441767069   uf1:0.811182773939197   uar:0.8275823713323713
[52, 2, 8, 1, 0]
[1, 25, 3, 2, 1]
[8, 6, 78, 7, 0]
[0, 2, 2, 22, 1]
[0, 0, 0, 2, 26]
casme¢ò-5c   acc:0.8112449799196787   f1:0.8112449799196787   uf1:0.7959179584181841   uar:0.8044041606541606
[55, 3, 4, 1, 0]
[1, 23, 4, 3, 1]
[10, 4, 79, 5, 1]
[1, 2, 3, 19, 2]
[0, 0, 2, 0, 26]
casme¢ò-5c   acc:0.8152610441767069   f1:0.8152610441767069   uf1:0.8060775711321545   uar:0.8128487253487254
[50, 3, 9, 1, 0]
[0, 22, 3, 4, 3]
[7, 6, 83, 3, 0]
[0, 2, 2, 23, 0]
[0, 0, 3, 0, 25]
casme¢ò-5c   acc:0.8192771084337349   f1:0.819277108433735   uf1:0.8075169961767902   uar:0.8140963203463203
[55, 2, 6, 0, 0]
[0, 23, 5, 3, 1]
[7, 6, 80, 4, 2]
[1, 3, 2, 21, 0]
[0, 0, 2, 1, 25]
casme¢ò-5c   acc:0.8072289156626506   f1:0.8072289156626506   uf1:0.7873997672332751   uar:0.792905242905243
[52, 3, 5, 3, 0]
[2, 24, 3, 3, 0]
[4, 4, 82, 9, 0]
[0, 5, 3, 19, 0]
[0, 0, 2, 2, 24]
casme¢ò-3c   acc:0.9102564102564102   f1:0.9102564102564102   uf1:0.891812865497076   uar:0.8874007936507936
[91, 1, 4]
[7, 24, 1]
[1, 0, 27]
casme¢ò-3c   acc:0.9294871794871795   f1:0.9294871794871795   uf1:0.911244019138756   uar:0.8908730158730159
[95, 0, 1]
[8, 23, 1]
[1, 0, 27]
casme¢ò-3c   acc:0.8782051282051282   f1:0.8782051282051282   uf1:0.8567217023999069   uar:0.8740079365079364
[85, 7, 4]
[4, 27, 1]
[1, 2, 25]
casme¢ò-3c   acc:0.9102564102564102   f1:0.9102564102564102   uf1:0.8982655290049705   uar:0.9012896825396827
[89, 3, 4]
[6, 26, 0]
[1, 0, 27]
casme¢ò-3c   acc:0.9294871794871795   f1:0.9294871794871795   uf1:0.9119047619047619   uar:0.8893849206349206
[95, 0, 1]
[7, 24, 1]
[2, 0, 26]
casme¢ò-3c   acc:0.9166666666666666   f1:0.9166666666666666   uf1:0.9023832994002597   uar:0.8908730158730159
[92, 1, 3]
[8, 24, 0]
[1, 0, 27]
casme¢ò-3c   acc:0.9166666666666666   f1:0.9166666666666666   uf1:0.9032779457590131   uar:0.9171626984126983
[88, 3, 5]
[3, 29, 0]
[1, 1, 26]
casme¢ò-3c   acc:0.9166666666666666   f1:0.9166666666666666   uf1:0.8976961735582426   uar:0.8824404761904763
[93, 0, 3]
[7, 24, 1]
[2, 0, 26]
casme¢ò-3c   acc:0.8910256410256411   f1:0.8910256410256411   uf1:0.8765054449032467   uar:0.9186507936507936
[82, 6, 8]
[1, 30, 1]
[0, 1, 27]
casme¢ò-3c   acc:0.9166666666666666   f1:0.9166666666666666   uf1:0.8953495349534953   uar:0.8670634920634921
[95, 0, 1]
[8, 23, 1]
[3, 0, 25]
samm-5c   acc:0.7058823529411765   f1:0.7058823529411765   uf1:0.6285181061760226   uar:0.6221997300944669
[52, 0, 4, 1, 0]
[1, 5, 3, 1, 2]
[5, 3, 15, 3, 0]
[3, 0, 4, 14, 5]
[2, 1, 1, 1, 10]
samm-5c   acc:0.75   f1:0.75   uf1:0.6618061568061568   uar:0.6545883940620782
[51, 1, 3, 2, 0]
[1, 3, 5, 3, 0]
[1, 2, 19, 3, 1]
[2, 0, 4, 19, 1]
[0, 0, 3, 2, 10]
samm-5c   acc:0.7573529411764706   f1:0.7573529411764706   uf1:0.6876498507789335   uar:0.6689473684210526
[51, 0, 3, 3, 0]
[0, 5, 6, 1, 0]
[4, 0, 20, 1, 1]
[1, 0, 2, 19, 4]
[0, 0, 5, 2, 8]
samm-5c   acc:0.7279411764705882   f1:0.7279411764705882   uf1:0.6278324614782391   uar:0.6365452091767881
[49, 0, 5, 2, 1]
[3, 2, 3, 2, 2]
[4, 0, 18, 2, 2]
[1, 1, 2, 19, 3]
[0, 0, 4, 0, 11]
samm-5c   acc:0.7132352941176471   f1:0.7132352941176471   uf1:0.6348115301499815   uar:0.6144264507422402
[53, 0, 2, 1, 1]
[4, 5, 1, 2, 0]
[5, 0, 19, 2, 0]
[4, 2, 5, 12, 3]
[1, 0, 3, 3, 8]
samm-5c   acc:0.7205882352941176   f1:0.7205882352941176   uf1:0.6605517241379311   uar:0.6643184885290148
[48, 2, 4, 1, 2]
[0, 8, 2, 2, 0]
[3, 1, 18, 2, 2]
[3, 1, 2, 17, 3]
[1, 1, 4, 2, 7]
samm-5c   acc:0.7132352941176471   f1:0.7132352941176471   uf1:0.6289052010791141   uar:0.624251012145749
[52, 0, 4, 0, 1]
[1, 5, 4, 1, 1]
[1, 1, 16, 3, 5]
[5, 2, 2, 15, 2]
[1, 1, 3, 1, 9]
samm-5c   acc:0.7352941176470589   f1:0.735294117647059   uf1:0.6622764378478664   uar:0.6571524966261808
[51, 2, 2, 1, 1]
[3, 5, 2, 1, 1]
[4, 1, 16, 1, 4]
[4, 2, 1, 18, 1]
[0, 0, 3, 2, 10]
samm-5c   acc:0.7352941176470589   f1:0.735294117647059   uf1:0.6618878326754916   uar:0.6525371120107961
[51, 0, 5, 1, 0]
[1, 7, 1, 3, 0]
[5, 1, 15, 3, 2]
[2, 0, 1, 21, 2]
[0, 2, 4, 3, 6]
samm-5c   acc:0.7058823529411765   f1:0.7058823529411765   uf1:0.6330334448160535   uar:0.623468286099865
[49, 0, 5, 3, 0]
[2, 5, 3, 2, 0]
[3, 1, 18, 3, 1]
[0, 4, 5, 16, 1]
[1, 1, 3, 2, 8]
samm-3c   acc:0.8796992481203008   f1:0.8796992481203008   uf1:0.8055740125507568   uar:0.766462281679673
[91, 0, 1]
[10, 15, 1]
[2, 2, 11]
samm-3c   acc:0.849624060150376   f1:0.849624060150376   uf1:0.762660619803477   uar:0.7425678186547752
[87, 4, 1]
[8, 16, 2]
[2, 3, 10]
samm-3c   acc:0.8796992481203008   f1:0.8796992481203008   uf1:0.8183617736410058   uar:0.7848569305091044
[89, 3, 0]
[8, 17, 1]
[2, 2, 11]
samm-3c   acc:0.8646616541353384   f1:0.8646616541353384   uf1:0.8147999330319773   uar:0.8238015607580825
[83, 7, 2]
[5, 20, 1]
[1, 2, 12]
samm-3c   acc:0.8571428571428571   f1:0.8571428571428571   uf1:0.7776464407670082   uar:0.7553883314752879
[87, 5, 0]
[7, 17, 2]
[2, 3, 10]
samm-3c   acc:0.8345864661654135   f1:0.8345864661654135   uf1:0.712042148237594   uar:0.70752508361204
[87, 4, 1]
[5, 15, 6]
[3, 3, 9]
samm-3c   acc:0.8646616541353384   f1:0.8646616541353384   uf1:0.7858384700489965   uar:0.7678000743218134
[85, 6, 1]
[4, 22, 0]
[4, 3, 8]
samm-3c   acc:0.8947368421052632   f1:0.8947368421052632   uf1:0.831952361364126   uar:0.8474916387959865
[86, 3, 3]
[2, 21, 3]
[2, 1, 12]
samm-3c   acc:0.8571428571428571   f1:0.8571428571428571   uf1:0.7922054067528652   uar:0.8111854329245634
[84, 5, 3]
[6, 17, 3]
[1, 1, 13]
samm-3c   acc:0.8646616541353384   f1:0.8646616541353384   uf1:0.8210752688172044   uar:0.8146042363433668
[84, 5, 3]
[7, 19, 0]
[3, 0, 12]
smic-3c   acc:0.7439024390243902   f1:0.7439024390243903   uf1:0.7445541323325445   uar:0.744047076194819
[52, 11, 7]
[10, 38, 3]
[8, 3, 32]
smic-3c   acc:0.7439024390243902   f1:0.7439024390243903   uf1:0.7373497324716838   uar:0.727422752046555
[60, 4, 6]
[16, 32, 3]
[10, 3, 30]
smic-3c   acc:0.7560975609756098   f1:0.7560975609756099   uf1:0.7461796200719172   uar:0.7358304562134932
[64, 1, 5]
[19, 28, 4]
[10, 1, 32]
smic-3c   acc:0.75   f1:0.75   uf1:0.7444218668543208   uar:0.7386228910168718
[56, 9, 5]
[9, 39, 3]
[11, 4, 28]
smic-3c   acc:0.7804878048780488   f1:0.7804878048780488   uf1:0.7826700496703441   uar:0.7709443467309405
[61, 1, 8]
[19, 32, 0]
[8, 0, 35]
smic-3c   acc:0.7804878048780488   f1:0.7804878048780488   uf1:0.7837961679054951   uar:0.7732764423598897
[59, 6, 5]
[15, 35, 1]
[9, 0, 34]
smic-3c   acc:0.7317073170731707   f1:0.7317073170731707   uf1:0.7282896379525594   uar:0.7275269797841618
[56, 8, 6]
[17, 29, 5]
[7, 1, 35]
smic-3c   acc:0.7621951219512195   f1:0.7621951219512195   uf1:0.7585647231209841   uar:0.7452565522332963
[61, 6, 3]
[14, 34, 3]
[12, 1, 30]
smic-3c   acc:0.774390243902439   f1:0.7743902439024389   uf1:0.766676195921479   uar:0.7632922936616507
[63, 2, 5]
[21, 27, 3]
[5, 1, 37]
smic-3c   acc:0.7682926829268293   f1:0.7682926829268293   uf1:0.7578698539462883   uar:0.7549823029987189
[64, 3, 3]
[22, 25, 4]
[6, 0, 37]
full-3c   acc:0.8896247240618101   f1:0.8896247240618101   uf1:0.86950776550206   uar:0.870836592940284
[239, 9, 10]
[10, 90, 9]
[10, 2, 74]
full-3c   acc:0.8785871964679912   f1:0.8785871964679912   uf1:0.8649379299111057   uar:0.8600265509802526
[236, 14, 8]
[17, 89, 3]
[11, 2, 73]
full-3c   acc:0.8874172185430463   f1:0.8874172185430463   uf1:0.8702714292336934   uar:0.8703624682929142
[238, 10, 10]
[15, 89, 5]
[7, 4, 75]
full-3c   acc:0.8830022075055187   f1:0.8830022075055186   uf1:0.8640967242396599   uar:0.8713107175876539
[234, 11, 13]
[10, 91, 8]
[8, 3, 75]
full-3c   acc:0.8852097130242825   f1:0.8852097130242825   uf1:0.867703721821369   uar:0.8830690088424248
[230, 11, 17]
[10, 94, 5]
[2, 7, 77]
full-3c   acc:0.8984547461368654   f1:0.8984547461368654   uf1:0.8800226962816535   uar:0.8847047388758504
[239, 8, 11]
[10, 92, 7]
[6, 4, 76]
full-3c   acc:0.8896247240618101   f1:0.8896247240618101   uf1:0.8716567550594055   uar:0.863772135694474
[243, 7, 8]
[18, 86, 5]
[9, 3, 74]
full-3c   acc:0.9006622516556292   f1:0.9006622516556292   uf1:0.8884152282149779   uar:0.8861271128179599
[239, 13, 6]
[12, 95, 2]
[8, 4, 74]
full-3c   acc:0.8807947019867549   f1:0.8807947019867549   uf1:0.8635642735963668   uar:0.8655382500059265
[236, 11, 11]
[16, 87, 6]
[7, 3, 76]
full-3c   acc:0.8984547461368654   f1:0.8984547461368654   uf1:0.8799188015793304   uar:0.8813028945309721
[240, 9, 9]
[11, 93, 5]
[6, 6, 74]





casme¢ò-5c   acc:0.8232931726907631   f1:0.8232931726907632   uf1:0.8043550658134905   uar:0.803790885040885
[53, 0, 8, 2, 0]
[1, 27, 2, 1, 1]
[5, 7, 84, 2, 1]
[2, 5, 4, 16, 0]
[0, 0, 2, 1, 25]
casme¢ò-5c   acc:0.7911646586345381   f1:0.791164658634538   uf1:0.772510512355641   uar:0.7799603174603174
[56, 1, 6, 0, 0]
[2, 18, 4, 6, 2]
[11, 5, 77, 6, 0]
[0, 3, 3, 21, 0]
[0, 0, 2, 1, 25]
casme¢ò-5c   acc:0.8152610441767069   f1:0.8152610441767069   uf1:0.7893008658008658   uar:0.7970719095719095
[55, 3, 3, 2, 0]
[0, 22, 5, 2, 3]
[7, 6, 82, 4, 0]
[0, 5, 3, 19, 0]
[0, 2, 0, 1, 25]
casme¢ò-5c   acc:0.7951807228915663   f1:0.7951807228915663   uf1:0.7907008655671945   uar:0.8049302549302549
[49, 3, 9, 1, 1]
[1, 24, 3, 3, 1]
[9, 5, 78, 7, 0]
[0, 1, 2, 23, 1]
[0, 1, 2, 1, 24]
casme¢ò-5c   acc:0.8313253012048193   f1:0.8313253012048193   uf1:0.8365919762184617   uar:0.8507936507936508
[55, 4, 4, 0, 0]
[2, 24, 3, 2, 1]
[12, 5, 77, 4, 1]
[1, 0, 2, 24, 0]
[0, 0, 1, 0, 27]
casme¢ò-5c   acc:0.8112449799196787   f1:0.8112449799196787   uf1:0.793941601255887   uar:0.7922468734968735
[52, 1, 7, 3, 0]
[1, 27, 2, 1, 1]
[7, 7, 83, 2, 0]
[2, 4, 2, 19, 0]
[0, 4, 3, 0, 21]
casme¢ò-5c   acc:0.8112449799196787   f1:0.8112449799196787   uf1:0.8037033917567589   uar:0.8149140211640212
[55, 0, 8, 0, 0]
[3, 23, 4, 1, 1]
[6, 7, 77, 8, 1]
[0, 4, 3, 20, 0]
[0, 0, 0, 1, 27]
casme¢ò-5c   acc:0.8192771084337349   f1:0.819277108433735   uf1:0.7960120853699317   uar:0.794594757094757
[56, 2, 5, 0, 0]
[3, 22, 3, 2, 2]
[6, 5, 83, 4, 1]
[1, 4, 5, 17, 0]
[0, 0, 2, 0, 26]
casme¢ò-5c   acc:0.7831325301204819   f1:0.783132530120482   uf1:0.7517553688141922   uar:0.7532166907166907
[53, 3, 6, 1, 0]
[1, 26, 3, 1, 1]
[8, 6, 80, 5, 0]
[1, 11, 1, 14, 0]
[0, 2, 3, 1, 22]
casme¢ò-5c   acc:0.8232931726907631   f1:0.8232931726907632   uf1:0.8152093958814091   uar:0.8214977152477152
[57, 2, 4, 0, 0]
[0, 25, 3, 3, 1]
[13, 4, 78, 3, 1]
[3, 4, 0, 20, 0]
[0, 1, 2, 0, 25]
casme¢ò-3c   acc:0.9102564102564102   f1:0.9102564102564102   uf1:0.8947100517436698   uar:0.8983134920634921
[89, 4, 3]
[3, 28, 1]
[3, 0, 25]
casme¢ò-3c   acc:0.9102564102564102   f1:0.9102564102564102   uf1:0.8904501609405439   uar:0.8705357142857143
[93, 1, 2]
[8, 24, 0]
[2, 1, 25]
casme¢ò-3c   acc:0.8910256410256411   f1:0.8910256410256411   uf1:0.8646790368101843   uar:0.8630952380952381
[90, 2, 4]
[8, 22, 2]
[1, 0, 27]
casme¢ò-3c   acc:0.9166666666666666   f1:0.9166666666666666   uf1:0.9027866065186304   uar:0.8893849206349206
[92, 1, 3]
[7, 25, 0]
[2, 0, 26]
casme¢ò-3c   acc:0.9102564102564102   f1:0.9102564102564102   uf1:0.8920579258393403   uar:0.8874007936507936
[91, 2, 3]
[7, 24, 1]
[1, 0, 27]
casme¢ò-3c   acc:0.8974358974358975   f1:0.8974358974358975   uf1:0.878736041815158   uar:0.9067460317460316
[85, 7, 4]
[1, 29, 2]
[1, 1, 26]
casme¢ò-3c   acc:0.8910256410256411   f1:0.8910256410256411   uf1:0.8598450474712879   uar:0.8601190476190476
[90, 1, 5]
[6, 24, 2]
[1, 2, 25]
casme¢ò-3c   acc:0.9230769230769231   f1:0.9230769230769231   uf1:0.9059690477140983   uar:0.8928571428571429
[93, 0, 3]
[6, 25, 1]
[2, 0, 26]
casme¢ò-3c   acc:0.9038461538461539   f1:0.9038461538461539   uf1:0.8760601753139067   uar:0.8531746031746031
[94, 0, 2]
[9, 22, 1]
[2, 1, 25]
casme¢ò-3c   acc:0.9166666666666666   f1:0.9166666666666666   uf1:0.9017377512271928   uar:0.9047619047619048
[90, 3, 3]
[5, 26, 1]
[1, 0, 27]
samm-5c   acc:0.7573529411764706   f1:0.7573529411764706   uf1:0.694173918733233   uar:0.6724696356275304
[55, 1, 0, 1, 0]
[4, 6, 0, 1, 1]
[3, 1, 16, 6, 0]
[5, 0, 2, 16, 3]
[0, 0, 4, 1, 10]
samm-5c   acc:0.75   f1:0.75   uf1:0.7224458992544098   uar:0.7328744939271254
[50, 1, 1, 3, 2]
[0, 10, 1, 0, 1]
[7, 2, 15, 2, 0]
[3, 0, 6, 15, 2]
[0, 1, 1, 1, 12]
samm-5c   acc:0.7426470588235294   f1:0.7426470588235294   uf1:0.6706487704672822   uar:0.6522941970310391
[54, 0, 0, 3, 0]
[1, 5, 6, 0, 0]
[1, 3, 16, 5, 1]
[3, 0, 7, 16, 0]
[0, 1, 2, 2, 10]
samm-5c   acc:0.7205882352941176   f1:0.7205882352941176   uf1:0.6487179487179487   uar:0.6254520917678812
[53, 0, 0, 1, 3]
[0, 6, 4, 2, 0]
[2, 0, 15, 7, 2]
[4, 0, 4, 17, 1]
[0, 0, 3, 5, 7]
samm-5c   acc:0.75   f1:0.75   uf1:0.6920371362791006   uar:0.6764777327935223
[53, 0, 4, 0, 0]
[1, 7, 4, 0, 0]
[4, 0, 20, 1, 1]
[7, 2, 1, 13, 3]
[0, 1, 4, 1, 9]
samm-5c   acc:0.7647058823529411   f1:0.7647058823529412   uf1:0.670488263927773   uar:0.6559649122807018
[53, 0, 2, 2, 0]
[2, 3, 6, 1, 0]
[2, 0, 19, 3, 2]
[2, 0, 4, 20, 0]
[0, 1, 2, 3, 9]
samm-5c   acc:0.7720588235294118   f1:0.7720588235294118   uf1:0.7123674495439201   uar:0.687246963562753
[53, 0, 4, 0, 0]
[2, 5, 2, 2, 1]
[4, 0, 19, 3, 0]
[1, 0, 5, 18, 2]
[0, 0, 4, 1, 10]
samm-5c   acc:0.7352941176470589   f1:0.735294117647059   uf1:0.6587673417449575   uar:0.6416869095816464
[52, 1, 3, 1, 0]
[0, 5, 6, 1, 0]
[3, 0, 19, 4, 0]
[0, 2, 7, 16, 1]
[1, 1, 2, 3, 8]
samm-5c   acc:0.7573529411764706   f1:0.7573529411764706   uf1:0.7111256938662784   uar:0.7015114709851551
[51, 0, 3, 3, 0]
[0, 8, 3, 1, 0]
[2, 1, 20, 2, 1]
[6, 1, 2, 15, 2]
[0, 1, 3, 2, 9]
samm-5c   acc:0.7426470588235294   f1:0.7426470588235294   uf1:0.667569637349708   uar:0.639136302294197
[55, 0, 1, 0, 1]
[4, 4, 3, 0, 1]
[6, 0, 16, 3, 1]
[5, 0, 4, 16, 1]
[0, 0, 2, 3, 10]
samm-3c   acc:0.8721804511278195   f1:0.8721804511278195   uf1:0.8113553113553112   uar:0.8088257153474544
[85, 7, 0]
[4, 20, 2]
[1, 3, 11]
samm-3c   acc:0.8721804511278195   f1:0.8721804511278195   uf1:0.8021552091319532   uar:0.7628390932738759
[90, 1, 1]
[10, 15, 1]
[3, 1, 11]
samm-3c   acc:0.8947368421052632   f1:0.8947368421052632   uf1:0.8314146632496713   uar:0.838294314381271
[87, 4, 1]
[3, 20, 3]
[1, 2, 12]
samm-3c   acc:0.8721804511278195   f1:0.8721804511278195   uf1:0.7847022113688781   uar:0.7532329988851728
[89, 3, 0]
[7, 18, 1]
[1, 5, 9]
samm-3c   acc:0.8796992481203008   f1:0.8796992481203008   uf1:0.8134842644646567   uar:0.7938498699368264
[87, 3, 2]
[6, 20, 0]
[2, 3, 10]
samm-3c   acc:0.8721804511278195   f1:0.8721804511278195   uf1:0.7935129386742289   uar:0.7810293571163136
[87, 3, 2]
[6, 19, 1]
[1, 4, 10]
samm-3c   acc:0.8646616541353384   f1:0.8646616541353384   uf1:0.8058950057135176   uar:0.8143998513563732
[83, 7, 2]
[4, 21, 1]
[1, 3, 11]
samm-3c   acc:0.8721804511278195   f1:0.8721804511278195   uf1:0.8062821606999367   uar:0.790431066518023
[87, 3, 2]
[7, 18, 1]
[2, 2, 11]
samm-3c   acc:0.8796992481203008   f1:0.8796992481203008   uf1:0.7861910721735502   uar:0.7660535117056856
[89, 2, 1]
[5, 19, 2]
[2, 4, 9]
samm-3c   acc:0.9022556390977443   f1:0.9022556390977443   uf1:0.838166583001892   uar:0.8141211445559272
[90, 1, 1]
[5, 19, 2]
[3, 1, 11]
smic-3c   acc:0.7560975609756098   f1:0.7560975609756099   uf1:0.7462067783328435   uar:0.7340564132629797
[65, 0, 5]
[22, 27, 2]
[9, 2, 32]
smic-3c   acc:0.7682926829268293   f1:0.7682926829268293   uf1:0.7595659353621137   uar:0.758530388899746
[62, 1, 7]
[21, 27, 3]
[4, 2, 37]
smic-3c   acc:0.774390243902439   f1:0.7743902439024389   uf1:0.7676022453889333   uar:0.760202375523853
[62, 1, 7]
[15, 32, 4]
[8, 2, 33]
smic-3c   acc:0.7926829268292683   f1:0.7926829268292683   uf1:0.7926910299003321   uar:0.7727140468590536
[66, 4, 0]
[19, 31, 1]
[10, 0, 33]
smic-3c   acc:0.75   f1:0.75   uf1:0.7394853059592945   uar:0.7239723796495342
[67, 1, 2]
[26, 24, 1]
[10, 1, 32]
smic-3c   acc:0.7560975609756098   f1:0.7560975609756099   uf1:0.7476433889729348   uar:0.7358304562134932
[64, 1, 5]
[20, 28, 3]
[10, 1, 32]
smic-3c   acc:0.774390243902439   f1:0.7743902439024389   uf1:0.7702355783751133   uar:0.7644083990185222
[61, 5, 4]
[16, 31, 4]
[7, 1, 35]
smic-3c   acc:0.7621951219512195   f1:0.7621951219512195   uf1:0.7577535153947627   uar:0.7525524938657634
[61, 2, 7]
[21, 28, 2]
[6, 1, 36]
smic-3c   acc:0.774390243902439   f1:0.7743902439024389   uf1:0.7776232206611953   uar:0.7619764184743665
[61, 7, 2]
[17, 33, 1]
[10, 0, 33]
smic-3c   acc:0.7378048780487805   f1:0.7378048780487805   uf1:0.745248527452774   uar:0.7505873667296377
[46, 19, 5]
[8, 41, 2]
[5, 4, 34]
full-3c   acc:0.8940397350993378   f1:0.8940397350993377   uf1:0.8769528008913543   uar:0.8769528008913543
[239, 14, 5]
[10, 92, 7]
[9, 3, 74]
full-3c   acc:0.8874172185430463   f1:0.8874172185430463   uf1:0.8683547918882231   uar:0.8738946969158192
[236, 8, 14]
[12, 91, 6]
[6, 5, 75]
full-3c   acc:0.8807947019867549   f1:0.8807947019867549   uf1:0.8604473362782282   uar:0.8586041770381433
[239, 10, 9]
[16, 86, 7]
[8, 4, 74]
full-3c   acc:0.8807947019867549   f1:0.8807947019867549   uf1:0.8609209191635457   uar:0.8656686342839532
[235, 13, 10]
[11, 90, 8]
[8, 4, 74]
full-3c   acc:0.8852097130242825   f1:0.8852097130242825   uf1:0.8661701695588157   uar:0.8534362183818126
[244, 9, 5]
[18, 86, 5]
[12, 3, 71]
full-3c   acc:0.8896247240618101   f1:0.8896247240618101   uf1:0.8721526733860699   uar:0.8655382500059265
[242, 5, 11]
[17, 87, 5]
[10, 2, 74]
full-3c   acc:0.8940397350993378   f1:0.8940397350993377   uf1:0.8767510868294743   uar:0.8785885309247802
[239, 7, 12]
[13, 90, 6]
[7, 3, 76]
full-3c   acc:0.8896247240618101   f1:0.8896247240618101   uf1:0.8734598055464198   uar:0.8804850295142593
[234, 14, 10]
[10, 94, 5]
[6, 5, 75]
full-3c   acc:0.891832229580574   f1:0.891832229580574   uf1:0.875114820432266   uar:0.8552853045065548
[250, 4, 4]
[26, 79, 4]
[10, 1, 75]
full-3c   acc:0.8962472406181016   f1:0.8962472406181016   uf1:0.8814530458164684   uar:0.8824644999170282
[239, 8, 11]
[14, 90, 5]
[7, 2, 77]





casme¢ò-5c   acc:0.8032128514056225   f1:0.8032128514056225   uf1:0.7779656108381376   uar:0.7894630832130832
[52, 4, 5, 2, 0]
[1, 25, 3, 2, 1]
[7, 5, 81, 6, 0]
[2, 2, 3, 17, 3]
[0, 2, 0, 1, 25]
casme¢ò-5c   acc:0.8072289156626506   f1:0.8072289156626506   uf1:0.8034298751733276   uar:0.813425925925926
[54, 2, 6, 1, 0]
[1, 22, 5, 1, 3]
[12, 6, 77, 4, 0]
[1, 0, 3, 23, 0]
[0, 0, 0, 3, 25]
casme¢ò-5c   acc:0.8152610441767069   f1:0.8152610441767069   uf1:0.8005401293816485   uar:0.8165674603174603
[56, 2, 4, 1, 0]
[0, 25, 4, 2, 1]
[8, 5, 77, 9, 0]
[0, 5, 0, 21, 1]
[2, 0, 1, 1, 24]
casme¢ò-5c   acc:0.7991967871485943   f1:0.7991967871485943   uf1:0.7985779296961093   uar:0.815398027898028
[55, 3, 4, 1, 0]
[3, 22, 5, 2, 0]
[13, 5, 73, 8, 0]
[0, 4, 1, 22, 0]
[0, 0, 0, 1, 27]
casme¢ò-5c   acc:0.7991967871485943   f1:0.7991967871485943   uf1:0.7777280162185821   uar:0.7861531986531987
[53, 1, 7, 1, 1]
[1, 22, 3, 4, 2]
[11, 4, 80, 3, 1]
[2, 4, 3, 17, 1]
[0, 0, 0, 1, 27]
casme¢ò-5c   acc:0.7911646586345381   f1:0.791164658634538   uf1:0.7567524676445159   uar:0.7601911976911977
[56, 2, 5, 0, 0]
[1, 26, 2, 2, 1]
[10, 6, 79, 4, 0]
[1, 12, 2, 12, 0]
[0, 1, 3, 0, 24]
casme¢ò-5c   acc:0.8032128514056225   f1:0.8032128514056225   uf1:0.7859186170839888   uar:0.7723184223184223
[49, 2, 9, 0, 3]
[1, 24, 7, 0, 0]
[4, 5, 87, 3, 0]
[0, 2, 5, 20, 0]
[2, 0, 3, 3, 20]
casme¢ò-5c   acc:0.7751004016064257   f1:0.7751004016064257   uf1:0.7702926268403327   uar:0.7853354978354978
[53, 3, 6, 0, 1]
[0, 22, 6, 1, 3]
[12, 6, 72, 8, 1]
[0, 1, 5, 21, 0]
[0, 0, 1, 2, 25]
casme¢ò-5c   acc:0.8032128514056225   f1:0.8032128514056225   uf1:0.7838318444776059   uar:0.7659090909090909
[49, 2, 9, 2, 1]
[1, 20, 9, 1, 1]
[4, 4, 89, 1, 1]
[3, 2, 1, 21, 0]
[0, 0, 6, 1, 21]
casme¢ò-5c   acc:0.7871485943775101   f1:0.78714859437751   uf1:0.780621225194133   uar:0.7735569985569986
[50, 2, 11, 0, 0]
[2, 20, 9, 0, 1]
[8, 4, 81, 5, 1]
[2, 3, 4, 18, 0]
[0, 0, 0, 1, 27]
casme¢ò-3c   acc:0.8974358974358975   f1:0.8974358974358975   uf1:0.8768599456099456   uar:0.8759920634920636
[89, 5, 2]
[4, 27, 1]
[3, 1, 24]
casme¢ò-3c   acc:0.8974358974358975   f1:0.8974358974358975   uf1:0.8708374063212773   uar:0.8621031746031745
[91, 2, 3]
[7, 25, 0]
[1, 3, 24]
casme¢ò-3c   acc:0.8974358974358975   f1:0.8974358974358975   uf1:0.8824150375500425   uar:0.8998015873015873
[86, 4, 6]
[3, 28, 1]
[2, 0, 26]
casme¢ò-3c   acc:0.8974358974358975   f1:0.8974358974358975   uf1:0.8835816285893091   uar:0.8705357142857143
[90, 5, 1]
[7, 25, 0]
[3, 0, 25]
casme¢ò-3c   acc:0.9102564102564102   f1:0.9102564102564102   uf1:0.8800262755486635   uar:0.8566468253968255
[95, 0, 1]
[9, 22, 1]
[1, 2, 25]
casme¢ò-3c   acc:0.9038461538461539   f1:0.9038461538461539   uf1:0.8849206349206349   uar:0.8740079365079364
[91, 2, 3]
[7, 25, 0]
[2, 1, 25]
casme¢ò-3c   acc:0.8846153846153846   f1:0.8846153846153846   uf1:0.8480701721943297   uar:0.8343253968253969
[92, 3, 1]
[9, 22, 1]
[0, 4, 24]
casme¢ò-3c   acc:0.9166666666666666   f1:0.9166666666666666   uf1:0.8964012595591543   uar:0.8893849206349206
[92, 2, 2]
[6, 25, 1]
[1, 1, 26]
casme¢ò-3c   acc:0.8910256410256411   f1:0.8910256410256411   uf1:0.8626984126984126   uar:0.8531746031746031
[91, 3, 2]
[8, 23, 1]
[1, 2, 25]
casme¢ò-3c   acc:0.8846153846153846   f1:0.8846153846153846   uf1:0.8545541692749814   uar:0.8382936507936507
[91, 3, 2]
[7, 25, 0]
[3, 3, 22]
samm-5c   acc:0.7279411764705882   f1:0.7279411764705882   uf1:0.6433750868364494   uar:0.6435762483130902
[54, 0, 0, 3, 0]
[1, 7, 3, 1, 0]
[1, 2, 15, 2, 6]
[2, 1, 6, 15, 2]
[0, 2, 3, 2, 8]
samm-5c   acc:0.7573529411764706   f1:0.7573529411764706   uf1:0.7184568472265049   uar:0.7090283400809716
[50, 0, 4, 2, 1]
[2, 9, 1, 0, 0]
[2, 1, 20, 2, 1]
[4, 1, 3, 16, 2]
[0, 0, 6, 1, 8]
samm-5c   acc:0.7720588235294118   f1:0.7720588235294118   uf1:0.6794808824997504   uar:0.6745074224021593
[52, 0, 3, 2, 0]
[1, 5, 3, 2, 1]
[1, 0, 22, 2, 1]
[1, 2, 1, 19, 3]
[0, 1, 5, 2, 7]
samm-5c   acc:0.75   f1:0.75   uf1:0.6903197877391426   uar:0.6940080971659919
[55, 0, 2, 0, 0]
[2, 8, 1, 1, 0]
[4, 2, 12, 2, 6]
[6, 1, 2, 15, 2]
[0, 1, 1, 1, 12]
samm-5c   acc:0.7132352941176471   f1:0.7132352941176471   uf1:0.632455018171947   uar:0.6141835357624832
[56, 0, 1, 0, 0]
[3, 7, 1, 0, 1]
[6, 1, 14, 4, 1]
[7, 2, 1, 13, 3]
[1, 1, 4, 2, 7]
samm-5c   acc:0.7058823529411765   f1:0.7058823529411765   uf1:0.6574141876430206   uar:0.65834008097166
[49, 1, 2, 5, 0]
[3, 7, 1, 0, 1]
[4, 0, 12, 8, 2]
[1, 3, 4, 17, 1]
[1, 1, 1, 1, 11]
samm-5c   acc:0.7279411764705882   f1:0.7279411764705882   uf1:0.6392799580504499   uar:0.6205937921727396
[56, 0, 1, 0, 0]
[2, 6, 2, 1, 1]
[3, 0, 17, 6, 0]
[4, 1, 4, 13, 4]
[0, 1, 5, 2, 7]
samm-5c   acc:0.7794117647058824   f1:0.7794117647058824   uf1:0.713306096450194   uar:0.7114304993252362
[52, 0, 2, 2, 1]
[2, 7, 0, 2, 1]
[1, 1, 18, 4, 2]
[1, 3, 2, 20, 0]
[0, 1, 5, 0, 9]
samm-5c   acc:0.7426470588235294   f1:0.7426470588235294   uf1:0.6587180075540731   uar:0.6535627530364372
[51, 1, 3, 0, 2]
[0, 5, 4, 2, 1]
[2, 1, 20, 3, 0]
[2, 2, 4, 17, 1]
[0, 1, 4, 2, 8]
samm-5c   acc:0.75   f1:0.75   uf1:0.6865015785975408   uar:0.6570715249662619
[52, 0, 4, 1, 0]
[2, 5, 4, 1, 0]
[1, 0, 21, 2, 2]
[6, 0, 4, 16, 0]
[0, 0, 5, 2, 8]
samm-3c   acc:0.8721804511278195   f1:0.8721804511278195   uf1:0.814171015656363   uar:0.7810293571163136
[87, 5, 0]
[7, 19, 0]
[2, 3, 10]
samm-3c   acc:0.8646616541353384   f1:0.8646616541353384   uf1:0.7901800142201538   uar:0.7590115198810851
[88, 2, 2]
[9, 17, 0]
[2, 3, 10]
samm-3c   acc:0.8721804511278195   f1:0.8721804511278195   uf1:0.7714607374050099   uar:0.7436269044964697
[88, 4, 0]
[5, 21, 0]
[2, 6, 7]
samm-3c   acc:0.8721804511278195   f1:0.8721804511278195   uf1:0.7794008831602816   uar:0.7532329988851728
[89, 3, 0]
[5, 18, 3]
[4, 2, 9]
samm-3c   acc:0.8646616541353384   f1:0.8646616541353384   uf1:0.7973995271867613   uar:0.7870122630992196
[87, 4, 1]
[8, 16, 2]
[1, 2, 12]
samm-3c   acc:0.8571428571428571   f1:0.8571428571428571   uf1:0.7863444798928668   uar:0.7737829803047194
[85, 6, 1]
[5, 19, 2]
[4, 1, 10]
samm-3c   acc:0.8721804511278195   f1:0.8721804511278195   uf1:0.7863639348568428   uar:0.7534373838721664
[90, 1, 1]
[9, 16, 1]
[1, 4, 10]
samm-3c   acc:0.8646616541353384   f1:0.8646616541353384   uf1:0.7759081196581196   uar:0.74041248606466
[89, 3, 0]
[7, 17, 2]
[4, 2, 9]
samm-3c   acc:0.8646616541353384   f1:0.8646616541353384   uf1:0.780045485278751   uar:0.7682088442958008
[87, 3, 2]
[6, 18, 2]
[2, 3, 10]
samm-3c   acc:0.8571428571428571   f1:0.8571428571428571   uf1:0.7833395130391793   uar:0.7739873652917132
[86, 5, 1]
[7, 17, 2]
[1, 3, 11]
smic-3c   acc:0.7560975609756098   f1:0.7560975609756099   uf1:0.7449771171142631   uar:0.7484485266975008
[61, 1, 8]
[21, 25, 5]
[5, 0, 38]
smic-3c   acc:0.7560975609756098   f1:0.7560975609756099   uf1:0.7502857693737863   uar:0.7519966125985279
[59, 3, 8]
[21, 27, 3]
[4, 1, 38]
smic-3c   acc:0.7378048780487805   f1:0.7378048780487805   uf1:0.7279722015388433   uar:0.7239767224719346
[61, 4, 5]
[22, 26, 3]
[5, 4, 34]
smic-3c   acc:0.774390243902439   f1:0.7743902439024389   uf1:0.76614756012955   uar:0.7596443228454173
[63, 1, 6]
[17, 30, 4]
[7, 2, 34]
smic-3c   acc:0.7560975609756098   f1:0.7560975609756099   uf1:0.7544317113761198   uar:0.7495646320543722
[59, 6, 5]
[19, 29, 3]
[7, 0, 36]
smic-3c   acc:0.7682926829268293   f1:0.7682926829268293   uf1:0.7691927990708477   uar:0.7518923848609211
[63, 3, 4]
[21, 30, 0]
[10, 0, 33]
smic-3c   acc:0.75   f1:0.75   uf1:0.7505433498700684   uar:0.7388226608472847
[60, 4, 6]
[22, 29, 0]
[8, 1, 34]
smic-3c   acc:0.7621951219512195   f1:0.7621951219512195   uf1:0.7567783094098884   uar:0.7393763707033201
[65, 3, 2]
[22, 29, 0]
[8, 4, 31]
smic-3c   acc:0.7560975609756098   f1:0.7560975609756099   uf1:0.7424643597233666   uar:0.7280763468177969
[67, 1, 2]
[20, 27, 4]
[12, 1, 30]
smic-3c   acc:0.7926829268292683   f1:0.7926829268292683   uf1:0.7840014301512467   uar:0.7751460274032094
[66, 1, 3]
[19, 29, 3]
[6, 2, 35]
full-3c   acc:0.8763796909492274   f1:0.8763796909492275   uf1:0.8584427913693112   uar:0.8465021454140293
[241, 11, 6]
[20, 85, 4]
[12, 3, 71]
full-3c   acc:0.8785871964679912   f1:0.8785871964679912   uf1:0.8601111998594305   uar:0.8766090605220113
[228, 15, 15]
[7, 94, 8]
[5, 5, 76]
full-3c   acc:0.869757174392936   f1:0.869757174392936   uf1:0.8532880243756457   uar:0.8742858497498993
[221, 21, 16]
[5, 100, 4]
[5, 8, 73]
full-3c   acc:0.8807947019867549   f1:0.8807947019867549   uf1:0.8603729752554191   uar:0.8596828106109097
[237, 10, 11]
[14, 91, 4]
[8, 7, 71]
full-3c   acc:0.8874172185430463   f1:0.8874172185430463   uf1:0.87626756804839   uar:0.8809591541616291
[232, 13, 13]
[13, 95, 1]
[8, 3, 75]
full-3c   acc:0.8807947019867549   f1:0.8807947019867549   uf1:0.8653119772368401   uar:0.8698883436455445
[234, 8, 16]
[16, 88, 5]
[7, 2, 77]
full-3c   acc:0.8807947019867549   f1:0.8807947019867549   uf1:0.8631878779773708   uar:0.8674347485954058
[234, 10, 14]
[13, 91, 5]
[8, 4, 74]
full-3c   acc:0.8807947019867549   f1:0.8807947019867549   uf1:0.8620430475759927   uar:0.8567076784486641
[241, 10, 7]
[20, 82, 7]
[8, 2, 76]
full-3c   acc:0.8830022075055187   f1:0.8830022075055186   uf1:0.8676284432909407   uar:0.8605836474409122
[241, 6, 11]
[23, 82, 4]
[8, 1, 77]
full-3c   acc:0.8653421633554084   f1:0.8653421633554084   uf1:0.8427251055004875   uar:0.834483085603205
[241, 6, 11]
[26, 76, 7]
[9, 2, 75]







casme¢ò-5c   acc:0.7710843373493976   f1:0.7710843373493976   uf1:0.7595270865286042   uar:0.7413720538720538
[54, 0, 8, 1, 0]
[3, 22, 6, 0, 1]
[15, 2, 78, 4, 0]
[2, 4, 8, 13, 0]
[0, 0, 3, 0, 25]
casme¢ò-5c   acc:0.7791164658634538   f1:0.7791164658634538   uf1:0.7532962349937564   uar:0.735669191919192
[51, 1, 10, 0, 1]
[1, 23, 5, 2, 1]
[11, 3, 84, 1, 0]
[2, 5, 8, 12, 0]
[0, 0, 3, 1, 24]
casme¢ò-5c   acc:0.7911646586345381   f1:0.791164658634538   uf1:0.7755604818350124   uar:0.7694234006734008
[53, 2, 7, 1, 0]
[3, 19, 6, 3, 1]
[11, 4, 81, 2, 1]
[2, 3, 5, 17, 0]
[0, 0, 1, 0, 27]
casme¢ò-5c   acc:0.7871485943775101   f1:0.78714859437751   uf1:0.7802996941896024   uar:0.7556186868686868
[47, 0, 16, 0, 0]
[2, 19, 9, 1, 1]
[6, 2, 87, 3, 1]
[2, 1, 6, 18, 0]
[0, 1, 1, 1, 25]
casme¢ò-5c   acc:0.8072289156626506   f1:0.8072289156626506   uf1:0.7827946898201059   uar:0.7939544252044252
[57, 0, 3, 3, 0]
[1, 19, 4, 7, 1]
[12, 3, 79, 5, 0]
[1, 2, 0, 23, 1]
[1, 2, 1, 1, 23]
casme¢ò-5c   acc:0.7871485943775101   f1:0.78714859437751   uf1:0.7620102692858112   uar:0.7502224627224627
[50, 1, 11, 1, 0]
[0, 22, 6, 3, 1]
[6, 5, 85, 3, 0]
[0, 6, 7, 14, 0]
[0, 2, 1, 0, 25]
casme¢ò-5c   acc:0.7831325301204819   f1:0.783132530120482   uf1:0.7647225481161067   uar:0.7615199615199615
[50, 0, 12, 1, 0]
[2, 24, 4, 1, 1]
[10, 7, 81, 1, 0]
[1, 7, 5, 13, 1]
[0, 0, 0, 1, 27]
casme¢ò-5c   acc:0.7791164658634538   f1:0.7791164658634538   uf1:0.7494680315519895   uar:0.7527537277537277
[55, 0, 7, 1, 0]
[1, 12, 11, 7, 1]
[11, 2, 80, 5, 1]
[0, 0, 4, 22, 1]
[0, 0, 2, 1, 25]
casme¢ò-5c   acc:0.7871485943775101   f1:0.78714859437751   uf1:0.7763810853455562   uar:0.7599747474747474
[50, 3, 9, 1, 0]
[0, 18, 10, 3, 1]
[11, 0, 84, 4, 0]
[0, 1, 8, 18, 0]
[0, 1, 1, 0, 26]
casme¢ò-5c   acc:0.7951807228915663   f1:0.7951807228915663   uf1:0.785827416818976   uar:0.7605429292929292
[50, 1, 12, 0, 0]
[2, 21, 7, 2, 0]
[8, 3, 86, 2, 0]
[2, 1, 9, 15, 0]
[0, 0, 1, 1, 26]
casme¢ò-3c   acc:0.9102564102564102   f1:0.9102564102564102   uf1:0.8797907099718905   uar:0.8452380952380952
[96, 0, 0]
[8, 24, 0]
[3, 3, 22]
casme¢ò-3c   acc:0.9038461538461539   f1:0.9038461538461539   uf1:0.8796386269926728   uar:0.8487103174603173
[94, 1, 1]
[6, 25, 1]
[6, 0, 22]
casme¢ò-3c   acc:0.8974358974358975   f1:0.8974358974358975   uf1:0.8758066778900112   uar:0.8745039682539684
[89, 4, 3]
[4, 28, 0]
[3, 2, 23]
casme¢ò-3c   acc:0.8974358974358975   f1:0.8974358974358975   uf1:0.8794871794871795   uar:0.8675595238095237
[90, 5, 1]
[5, 27, 0]
[4, 1, 23]
casme¢ò-3c   acc:0.9102564102564102   f1:0.9102564102564102   uf1:0.8904501609405439   uar:0.8705357142857143
[93, 2, 1]
[7, 24, 1]
[3, 0, 25]
casme¢ò-3c   acc:0.9102564102564102   f1:0.9102564102564102   uf1:0.8929824561403509   uar:0.8859126984126983
[91, 3, 2]
[6, 25, 1]
[2, 0, 26]
casme¢ò-3c   acc:0.9038461538461539   f1:0.9038461538461539   uf1:0.87992799279928   uar:0.8531746031746031
[94, 1, 1]
[9, 22, 1]
[3, 0, 25]
casme¢ò-3c   acc:0.8653846153846154   f1:0.8653846153846154   uf1:0.8406069640331767   uar:0.8432539682539684
[86, 9, 1]
[4, 26, 2]
[4, 1, 23]
casme¢ò-3c   acc:0.9038461538461539   f1:0.9038461538461539   uf1:0.8807017543859649   uar:0.8725198412698413
[91, 1, 4]
[5, 26, 1]
[3, 1, 24]
casme¢ò-3c   acc:0.9038461538461539   f1:0.9038461538461539   uf1:0.8828637249689882   uar:0.8685515873015873
[92, 1, 3]
[9, 23, 0]
[1, 1, 26]
samm-5c   acc:0.7794117647058824   f1:0.7794117647058824   uf1:0.6875745307324255   uar:0.6752901484480431
[55, 1, 1, 0, 0]
[0, 5, 3, 4, 0]
[1, 1, 19, 4, 1]
[1, 1, 3, 19, 2]
[0, 0, 5, 2, 8]
samm-5c   acc:0.7573529411764706   f1:0.7573529411764706   uf1:0.6596251105216622   uar:0.6399055330634278
[55, 0, 1, 1, 0]
[4, 3, 2, 3, 0]
[3, 0, 17, 2, 4]
[5, 0, 1, 19, 1]
[1, 0, 4, 1, 9]
samm-5c   acc:0.7867647058823529   f1:0.7867647058823529   uf1:0.7034383343980868   uar:0.6852901484480431
[55, 0, 0, 2, 0]
[2, 4, 3, 3, 0]
[3, 0, 18, 4, 1]
[2, 2, 1, 20, 1]
[0, 0, 3, 2, 10]
samm-5c   acc:0.7426470588235294   f1:0.7426470588235294   uf1:0.6284606108924212   uar:0.6099055330634278
[55, 0, 0, 1, 1]
[5, 2, 4, 1, 0]
[4, 0, 20, 2, 0]
[2, 0, 7, 16, 1]
[2, 0, 4, 1, 8]
samm-5c   acc:0.7720588235294118   f1:0.7720588235294118   uf1:0.6891010628715547   uar:0.669055330634278
[56, 0, 1, 0, 0]
[3, 5, 2, 2, 0]
[4, 0, 18, 4, 0]
[2, 3, 2, 17, 2]
[0, 1, 3, 2, 9]
samm-5c   acc:0.7426470588235294   f1:0.7426470588235294   uf1:0.6552604090111808   uar:0.6531443994601889
[53, 1, 2, 1, 0]
[0, 4, 6, 2, 0]
[2, 0, 18, 0, 6]
[2, 0, 5, 15, 4]
[1, 0, 1, 2, 11]
samm-5c   acc:0.7573529411764706   f1:0.7573529411764706   uf1:0.6558955294211304   uar:0.6428205128205129
[57, 0, 0, 0, 0]
[1, 3, 7, 1, 0]
[4, 0, 16, 0, 6]
[3, 0, 5, 16, 2]
[1, 0, 3, 0, 11]
samm-5c   acc:0.7205882352941176   f1:0.7205882352941176   uf1:0.6474782386072709   uar:0.6263022941970309
[52, 1, 3, 1, 0]
[1, 5, 5, 1, 0]
[3, 3, 18, 2, 0]
[3, 0, 7, 15, 1]
[1, 0, 3, 3, 8]
samm-5c   acc:0.7573529411764706   f1:0.7573529411764706   uf1:0.6830393134129051   uar:0.6704048582995952
[52, 2, 1, 2, 0]
[0, 5, 3, 3, 1]
[4, 1, 19, 2, 0]
[0, 1, 6, 18, 1]
[1, 0, 3, 2, 9]
samm-5c   acc:0.8382352941176471   f1:0.8382352941176471   uf1:0.7446428922290991   uar:0.7251282051282051
[57, 0, 0, 0, 0]
[0, 4, 5, 3, 0]
[1, 0, 22, 2, 1]
[1, 0, 2, 22, 1]
[0, 0, 5, 1, 9]
samm-3c   acc:0.8721804511278195   f1:0.8721804511278195   uf1:0.7910504482804764   uar:0.7624303232998885
[88, 4, 0]
[6, 19, 1]
[2, 4, 9]
samm-3c   acc:0.8646616541353384   f1:0.8646616541353384   uf1:0.8044436776320835   uar:0.7960052025269416
[85, 6, 1]
[6, 19, 1]
[1, 3, 11]
samm-3c   acc:0.8796992481203008   f1:0.8796992481203008   uf1:0.8189557935073162   uar:0.7940542549238202
[88, 3, 1]
[8, 18, 0]
[0, 4, 11]
samm-3c   acc:0.8721804511278195   f1:0.8721804511278195   uf1:0.8213311511183852   uar:0.790431066518023
[87, 5, 0]
[8, 18, 0]
[1, 3, 11]
samm-3c   acc:0.8796992481203008   f1:0.8796992481203008   uf1:0.8173123909249563   uar:0.775455221107395
[89, 3, 0]
[8, 18, 0]
[2, 3, 10]
samm-3c   acc:0.8796992481203008   f1:0.8796992481203008   uf1:0.8033652665192829   uar:0.7842437755481234
[86, 6, 0]
[3, 23, 0]
[3, 4, 8]
samm-3c   acc:0.8947368421052632   f1:0.8947368421052632   uf1:0.8338418305901244   uar:0.8010962467484206
[89, 3, 0]
[6, 20, 0]
[1, 4, 10]
samm-3c   acc:0.8796992481203008   f1:0.8796992481203008   uf1:0.7959866220735785   uar:0.784448160535117
[87, 5, 0]
[3, 21, 2]
[2, 4, 9]
samm-3c   acc:0.8721804511278195   f1:0.8721804511278195   uf1:0.7930499325236168   uar:0.7532329988851728
[89, 3, 0]
[8, 18, 0]
[1, 5, 9]
samm-3c   acc:0.8796992481203008   f1:0.8796992481203008   uf1:0.8366071874843805   uar:0.8308435525826829
[84, 7, 1]
[4, 22, 0]
[2, 2, 11]
smic-3c   acc:0.774390243902439   f1:0.7743902439024389   uf1:0.7755805868446669   uar:0.7743947191279613
[54, 10, 6]
[8, 40, 3]
[9, 1, 33]
smic-3c   acc:0.7804878048780488   f1:0.7804878048780488   uf1:0.7747760832728153   uar:0.7626321846568085
[65, 3, 2]
[20, 29, 2]
[7, 2, 34]
smic-3c   acc:0.7560975609756098   f1:0.7560975609756099   uf1:0.7486127242224804   uar:0.7400364797081623
[63, 2, 5]
[22, 27, 2]
[7, 2, 34]
smic-3c   acc:0.75   f1:0.75   uf1:0.7456456456456456   uar:0.746576770242981
[57, 8, 5]
[15, 30, 6]
[6, 1, 36]
smic-3c   acc:0.7439024390243902   f1:0.7439024390243903   uf1:0.736730003197069   uar:0.719110589972423
[64, 3, 3]
[20, 29, 2]
[13, 1, 29]
smic-3c   acc:0.7682926829268293   f1:0.7682926829268293   uf1:0.7696096023576576   uar:0.764968623108158
[57, 7, 6]
[14, 34, 3]
[8, 0, 35]
smic-3c   acc:0.774390243902439   f1:0.7743902439024389   uf1:0.7772774650823431   uar:0.7649664516969579
[60, 6, 4]
[17, 33, 1]
[9, 0, 34]
smic-3c   acc:0.774390243902439   f1:0.7743902439024389   uf1:0.774451903371764   uar:0.7672985473259072
[58, 7, 5]
[14, 36, 1]
[6, 4, 33]
smic-3c   acc:0.7621951219512195   f1:0.7621951219512195   uf1:0.7601155237980176   uar:0.7518945562721212
[60, 5, 5]
[18, 31, 2]
[7, 2, 34]
smic-3c   acc:0.7865853658536586   f1:0.7865853658536586   uf1:0.7876392092665624   uar:0.7834603608885414
[59, 4, 7]
[16, 33, 2]
[6, 0, 37]
full-3c   acc:0.8763796909492274   f1:0.8763796909492275   uf1:0.8620777847135525   uar:0.8673043643173791
[232, 16, 10]
[16, 88, 5]
[6, 3, 77]
full-3c   acc:0.8741721854304636   f1:0.8741721854304636   uf1:0.8565775483757481   uar:0.8624801460303914
[233, 18, 7]
[15, 86, 8]
[5, 4, 77]
full-3c   acc:0.8741721854304636   f1:0.8741721854304636   uf1:0.8535785601893431   uar:0.8536495744731291
[238, 8, 12]
[22, 81, 6]
[4, 5, 77]
full-3c   acc:0.8940397350993378   f1:0.8940397350993377   uf1:0.879928766534937   uar:0.8768224166133276
[240, 8, 10]
[17, 89, 3]
[7, 3, 76]
full-3c   acc:0.8830022075055187   f1:0.8830022075055186   uf1:0.8687638409761513   uar:0.8684659697034349
[237, 13, 8]
[19, 85, 5]
[6, 2, 78]
full-3c   acc:0.8896247240618101   f1:0.8896247240618101   uf1:0.8736589403734923   uar:0.8683829978901453
[239, 12, 7]
[13, 93, 3]
[11, 4, 71]
full-3c   acc:0.8896247240618101   f1:0.8896247240618101   uf1:0.8715447834711587   uar:0.8567076784486641
[247, 6, 5]
[22, 82, 5]
[10, 2, 74]
full-3c   acc:0.8741721854304636   f1:0.8741721854304636   uf1:0.8592718922775102   uar:0.869674987554228
[228, 17, 13]
[12, 93, 4]
[6, 5, 75]
full-3c   acc:0.8785871964679912   f1:0.8785871964679912   uf1:0.8548644592620466   uar:0.836509968470711
[247, 8, 3]
[20, 83, 6]
[14, 4, 68]
full-3c   acc:0.8830022075055187   f1:0.8830022075055186   uf1:0.8659981466056562   uar:0.8448190029158665
[249, 3, 6]
[31, 76, 2]
[9, 2, 75]



casme¢ò-5c   acc:0.8072289156626506   f1:0.8072289156626506   uf1:0.7865912197702815   uar:0.7857263107263107
[56, 1, 5, 1, 0]
[4, 20, 6, 1, 1]
[8, 7, 81, 3, 0]
[2, 6, 0, 19, 0]
[1, 0, 0, 2, 25]
casme¢ò-5c   acc:0.8152610441767069   f1:0.8152610441767069   uf1:0.7947641009231398   uar:0.7906625781625782
[55, 1, 5, 1, 1]
[3, 18, 8, 1, 2]
[7, 4, 84, 3, 1]
[3, 1, 3, 20, 0]
[0, 0, 1, 1, 26]
casme¢ò-5c   acc:0.8313253012048193   f1:0.8313253012048193   uf1:0.8239358723114645   uar:0.8197631072631074
[53, 1, 9, 0, 0]
[0, 26, 3, 1, 2]
[8, 5, 84, 2, 0]
[0, 5, 3, 19, 0]
[1, 1, 1, 0, 25]
casme¢ò-5c   acc:0.7911646586345381   f1:0.791164658634538   uf1:0.741475715764325   uar:0.7399170274170274
[48, 1, 13, 0, 1]
[1, 26, 4, 0, 1]
[4, 3, 89, 3, 0]
[0, 12, 5, 9, 1]
[0, 1, 1, 1, 25]
casme¢ò-5c   acc:0.8152610441767069   f1:0.8152610441767069   uf1:0.8039880238488551   uar:0.78386544011544
[49, 1, 11, 1, 1]
[0, 23, 7, 0, 2]
[5, 2, 89, 3, 0]
[1, 1, 6, 18, 1]
[2, 0, 2, 0, 24]
casme¢ò-5c   acc:0.8112449799196787   f1:0.8112449799196787   uf1:0.7997374334940037   uar:0.8107052669552669
[46, 0, 9, 5, 3]
[0, 23, 2, 6, 1]
[5, 2, 85, 7, 0]
[0, 1, 2, 24, 0]
[0, 0, 4, 0, 24]
casme¢ò-5c   acc:0.8032128514056225   f1:0.8032128514056225   uf1:0.7784352740476125   uar:0.7815025252525253
[50, 4, 7, 0, 2]
[2, 25, 3, 1, 1]
[6, 6, 84, 3, 0]
[0, 8, 4, 15, 0]
[0, 0, 1, 1, 26]
casme¢ò-5c   acc:0.8072289156626506   f1:0.8072289156626506   uf1:0.8002461563061178   uar:0.7790584415584416
[52, 1, 8, 2, 0]
[2, 22, 6, 1, 1]
[10, 2, 85, 2, 0]
[1, 1, 7, 18, 0]
[0, 1, 3, 0, 24]
casme¢ò-5c   acc:0.8192771084337349   f1:0.819277108433735   uf1:0.8202340499213261   uar:0.8066468253968253
[47, 1, 14, 1, 0]
[1, 21, 8, 2, 0]
[5, 3, 88, 3, 0]
[1, 2, 3, 21, 0]
[0, 0, 1, 0, 27]
casme¢ò-5c   acc:0.8152610441767069   f1:0.8152610441767069   uf1:0.8062553483159934   uar:0.783222101972102
[56, 1, 6, 0, 0]
[4, 21, 6, 0, 1]
[11, 2, 84, 2, 0]
[2, 1, 7, 17, 0]
[1, 0, 1, 1, 25]
casme¢ò-3c   acc:0.9102564102564102   f1:0.9102564102564102   uf1:0.8957067810769862   uar:0.8844246031746031
[91, 1, 4]
[6, 26, 0]
[3, 0, 25]
casme¢ò-3c   acc:0.9102564102564102   f1:0.9102564102564102   uf1:0.8876378137461881   uar:0.8804563492063493
[92, 3, 1]
[7, 23, 2]
[1, 0, 27]
casme¢ò-3c   acc:0.9423076923076923   f1:0.9423076923076923   uf1:0.929757120391403   uar:0.9255952380952381
[93, 0, 3]
[4, 27, 1]
[1, 0, 27]
casme¢ò-3c   acc:0.8846153846153846   f1:0.8846153846153846   uf1:0.8732982260923571   uar:0.908234126984127
[82, 9, 5]
[2, 29, 1]
[1, 0, 27]
casme¢ò-3c   acc:0.9102564102564102   f1:0.9102564102564102   uf1:0.877380881711225   uar:0.8591269841269841
[94, 0, 2]
[5, 26, 1]
[3, 3, 22]
casme¢ò-3c   acc:0.9102564102564102   f1:0.9102564102564102   uf1:0.8843972057086811   uar:0.8759920634920636
[92, 1, 3]
[5, 26, 1]
[2, 2, 24]
casme¢ò-3c   acc:0.9166666666666666   f1:0.9166666666666666   uf1:0.8972856645270438   uar:0.8839285714285715
[93, 1, 2]
[8, 23, 1]
[1, 0, 27]
casme¢ò-3c   acc:0.9230769230769231   f1:0.9230769230769231   uf1:0.907515792955864   uar:0.8913690476190476
[93, 3, 0]
[5, 26, 1]
[3, 0, 25]
casme¢ò-3c   acc:0.9102564102564102   f1:0.9102564102564102   uf1:0.8957307060755336   uar:0.8859126984126983
[91, 1, 4]
[7, 25, 0]
[2, 0, 26]
casme¢ò-3c   acc:0.9102564102564102   f1:0.9102564102564102   uf1:0.8883978376515689   uar:0.8621031746031745
[94, 0, 2]
[7, 24, 1]
[4, 0, 24]
samm-5c   acc:0.7794117647058824   f1:0.7794117647058824   uf1:0.6859597918421447   uar:0.6564912280701753
[56, 0, 1, 0, 0]
[1, 4, 3, 4, 0]
[2, 0, 22, 2, 0]
[3, 0, 6, 17, 0]
[0, 0, 5, 3, 7]
samm-5c   acc:0.7573529411764706   f1:0.7573529411764706   uf1:0.6737559966914806   uar:0.6566396761133604
[51, 0, 1, 5, 0]
[2, 3, 4, 2, 1]
[4, 0, 22, 0, 0]
[3, 0, 5, 18, 0]
[0, 1, 4, 1, 9]
samm-5c   acc:0.7720588235294118   f1:0.7720588235294118   uf1:0.6862780844347665   uar:0.6558974358974359
[57, 0, 0, 0, 0]
[2, 4, 3, 3, 0]
[4, 0, 19, 2, 1]
[4, 0, 5, 16, 1]
[0, 0, 4, 2, 9]
samm-5c   acc:0.7941176470588235   f1:0.7941176470588235   uf1:0.7369860173303502   uar:0.7019568151147099
[55, 0, 1, 1, 0]
[2, 5, 3, 2, 0]
[4, 0, 20, 2, 0]
[5, 0, 2, 18, 1]
[0, 0, 3, 2, 10]
samm-5c   acc:0.7941176470588235   f1:0.7941176470588235   uf1:0.730670114199526   uar:0.6990418353576248
[53, 0, 2, 2, 0]
[1, 5, 5, 1, 0]
[4, 0, 21, 1, 0]
[3, 0, 1, 21, 1]
[1, 0, 5, 1, 8]
samm-5c   acc:0.8088235294117647   f1:0.8088235294117648   uf1:0.7417252974506765   uar:0.713157894736842
[56, 0, 1, 0, 0]
[1, 5, 3, 3, 0]
[2, 0, 22, 1, 1]
[6, 1, 2, 17, 0]
[0, 0, 3, 2, 10]
samm-5c   acc:0.75   f1:0.75   uf1:0.6951011184134671   uar:0.6806612685560054
[52, 0, 1, 4, 0]
[1, 7, 2, 2, 0]
[4, 4, 15, 3, 0]
[3, 1, 2, 19, 1]
[1, 0, 3, 2, 9]
samm-5c   acc:0.7426470588235294   f1:0.7426470588235294   uf1:0.6255241153112784   uar:0.6140890688259109
[54, 0, 2, 1, 0]
[4, 2, 5, 1, 0]
[5, 0, 19, 1, 1]
[2, 0, 3, 18, 3]
[0, 0, 4, 3, 8]
samm-5c   acc:0.8455882352941176   f1:0.8455882352941176   uf1:0.7943543083318751   uar:0.7620512820512821
[57, 0, 0, 0, 0]
[3, 6, 2, 1, 0]
[1, 1, 24, 0, 0]
[4, 0, 5, 17, 0]
[0, 0, 4, 0, 11]
samm-5c   acc:0.8161764705882353   f1:0.8161764705882353   uf1:0.7284182229767968   uar:0.7118758434547907
[56, 0, 0, 1, 0]
[2, 4, 3, 0, 3]
[1, 0, 22, 1, 2]
[3, 0, 3, 19, 1]
[1, 0, 3, 1, 10]
samm-3c   acc:0.8571428571428571   f1:0.8571428571428571   uf1:0.7735808596023649   uar:0.7551839464882942
[86, 5, 1]
[6, 19, 1]
[2, 4, 9]
samm-3c   acc:0.8721804511278195   f1:0.8721804511278195   uf1:0.7939953873287205   uar:0.7624303232998885
[88, 3, 1]
[7, 19, 0]
[2, 4, 9]
samm-3c   acc:0.8646616541353384   f1:0.8646616541353384   uf1:0.783103383103383   uar:0.7680044593088072
[86, 6, 0]
[4, 20, 2]
[3, 3, 9]
samm-3c   acc:0.8646616541353384   f1:0.8646616541353384   uf1:0.7948580962791882   uar:0.7590115198810851
[88, 4, 0]
[8, 17, 1]
[3, 2, 10]
samm-3c   acc:0.8646616541353384   f1:0.8646616541353384   uf1:0.7915343915343915   uar:0.8049981419546636
[83, 4, 5]
[4, 22, 0]
[1, 4, 10]
samm-3c   acc:0.8796992481203008   f1:0.8796992481203008   uf1:0.8284815896413728   uar:0.8032515793385359
[87, 5, 0]
[6, 19, 1]
[3, 1, 11]
samm-3c   acc:0.8796992481203008   f1:0.8796992481203008   uf1:0.820592403628118   uar:0.775455221107395
[89, 3, 0]
[8, 18, 0]
[3, 2, 10]
samm-3c   acc:0.8796992481203008   f1:0.8796992481203008   uf1:0.8050213675213674   uar:0.7662578966926793
[90, 2, 0]
[8, 17, 1]
[2, 3, 10]
samm-3c   acc:0.8721804511278195   f1:0.8721804511278195   uf1:0.7962228178138459   uar:0.7812337421033074
[88, 3, 1]
[7, 17, 2]
[1, 3, 11]
samm-3c   acc:0.8721804511278195   f1:0.8721804511278195   uf1:0.7939953873287205   uar:0.7624303232998885
[88, 4, 0]
[6, 19, 1]
[3, 3, 9]
smic-3c   acc:0.7804878048780488   f1:0.7804878048780488   uf1:0.7793978724750744   uar:0.7697283564588626
[61, 4, 5]
[16, 33, 2]
[8, 1, 34]
smic-3c   acc:0.774390243902439   f1:0.7743902439024389   uf1:0.7772303005123944   uar:0.772062623499012
[56, 11, 3]
[11, 37, 3]
[8, 1, 34]
smic-3c   acc:0.7865853658536586   f1:0.7865853658536586   uf1:0.7839535814325731   uar:0.7888823746552885
[58, 3, 9]
[16, 31, 4]
[3, 0, 40]
smic-3c   acc:0.7621951219512195   f1:0.7621951219512195   uf1:0.7588614105544987   uar:0.752452608950557
[59, 7, 4]
[15, 33, 3]
[6, 4, 33]
smic-3c   acc:0.774390243902439   f1:0.7743902439024389   uf1:0.7689549961861175   uar:0.7530063188065924
[64, 5, 1]
[16, 33, 2]
[10, 3, 30]
smic-3c   acc:0.7682926829268293   f1:0.7682926829268293   uf1:0.7607777731918017   uar:0.7490022365535361
[66, 0, 4]
[25, 25, 1]
[8, 0, 35]
smic-3c   acc:0.7560975609756098   f1:0.7560975609756099   uf1:0.7437577562670638   uar:0.7280763468177969
[67, 1, 2]
[20, 27, 4]
[13, 0, 30]
smic-3c   acc:0.7621951219512195   f1:0.7621951219512195   uf1:0.7556332556332558   uar:0.7525524938657634
[61, 5, 4]
[18, 28, 5]
[7, 0, 36]
smic-3c   acc:0.774390243902439   f1:0.7743902439024389   uf1:0.7779800179180985   uar:0.7697305278700628
[58, 6, 6]
[16, 34, 1]
[8, 0, 35]
smic-3c   acc:0.7560975609756098   f1:0.7560975609756099   uf1:0.7450979289628444   uar:0.7334983605845439
[66, 1, 3]
[23, 25, 3]
[10, 0, 33]
full-3c   acc:0.8741721854304636   f1:0.8741721854304636   uf1:0.8571176610577765   uar:0.8495602493895645
[238, 10, 10]
[19, 86, 4]
[12, 2, 72]
full-3c   acc:0.8852097130242825   f1:0.8852097130242825   uf1:0.8687830687830688   uar:0.8655382500059265
[239, 10, 9]
[18, 87, 4]
[7, 4, 75]
full-3c   acc:0.8852097130242825   f1:0.8852097130242825   uf1:0.869733034561034   uar:0.8620060213830216
[241, 8, 9]
[21, 85, 3]
[8, 3, 75]
full-3c   acc:0.8830022075055187   f1:0.8830022075055186   uf1:0.8650648618967475   uar:0.8694142189981746
[236, 11, 11]
[14, 87, 8]
[7, 2, 77]
full-3c   acc:0.8653421633554084   f1:0.8653421633554084   uf1:0.8501786184930834   uar:0.8522746129957565
[230, 18, 10]
[15, 89, 5]
[11, 2, 73]
full-3c   acc:0.891832229580574   f1:0.891832229580574   uf1:0.869478332014535   uar:0.8616622810136785
[245, 6, 7]
[16, 87, 6]
[8, 6, 72]
full-3c   acc:0.8852097130242825   f1:0.8852097130242825   uf1:0.8665759689475605   uar:0.8410734182016452
[251, 1, 6]
[27, 79, 3]
[14, 1, 71]
full-3c   acc:0.8874172185430463   f1:0.8874172185430463   uf1:0.8728668976147356   uar:0.8653248939146102
[239, 14, 5]
[14, 92, 3]
[12, 3, 71]
full-3c   acc:0.8785871964679912   f1:0.8785871964679912   uf1:0.8574577719846529   uar:0.8423654078657279
[246, 6, 6]
[26, 79, 4]
[8, 5, 73]
full-3c   acc:0.8830022075055187   f1:0.8830022075055186   uf1:0.8657323364655037   uar:0.8589479174074865
[241, 10, 7]
[20, 84, 5]
[8, 3, 75]



casme¢ò-5c   acc:0.7871485943775101   f1:0.78714859437751   uf1:0.7746273372484623   uar:0.7976791726791728
[52, 2, 7, 2, 0]
[0, 20, 3, 8, 1]
[10, 6, 75, 7, 1]
[0, 1, 2, 23, 1]
[0, 0, 0, 2, 26]
casme¢ò-5c   acc:0.8072289156626506   f1:0.8072289156626506   uf1:0.7860064805793624   uar:0.7687860750360749
[49, 2, 12, 0, 0]
[1, 23, 5, 1, 2]
[8, 2, 89, 0, 0]
[2, 4, 5, 15, 1]
[0, 0, 1, 2, 25]
casme¢ò-5c   acc:0.7951807228915663   f1:0.7951807228915663   uf1:0.7839201419846582   uar:0.7885040885040885
[49, 4, 9, 1, 0]
[1, 24, 3, 3, 1]
[10, 4, 81, 3, 1]
[1, 6, 1, 19, 0]
[0, 0, 2, 1, 25]
casme¢ò-5c   acc:0.7871485943775101   f1:0.78714859437751   uf1:0.7861440846613388   uar:0.7966600529100529
[49, 1, 11, 2, 0]
[2, 23, 2, 4, 1]
[12, 5, 77, 5, 0]
[0, 3, 1, 23, 0]
[2, 0, 0, 2, 24]
casme¢ò-5c   acc:0.7951807228915663   f1:0.7951807228915663   uf1:0.7913926008020357   uar:0.7849266474266474
[53, 2, 8, 0, 0]
[2, 22, 5, 2, 1]
[7, 6, 79, 7, 0]
[1, 0, 6, 20, 0]
[0, 0, 4, 0, 24]
casme¢ò-5c   acc:0.8032128514056225   f1:0.8032128514056225   uf1:0.7955016954150083   uar:0.7931697931697932
[50, 3, 9, 0, 1]
[1, 24, 6, 0, 1]
[5, 7, 82, 5, 0]
[0, 2, 8, 17, 0]
[0, 0, 0, 1, 27]
casme¢ò-5c   acc:0.8192771084337349   f1:0.819277108433735   uf1:0.812309537852743   uar:0.8120430495430495
[58, 0, 4, 1, 0]
[6, 18, 5, 2, 1]
[12, 6, 79, 2, 0]
[0, 2, 3, 22, 0]
[0, 0, 1, 0, 27]
casme¢ò-5c   acc:0.7871485943775101   f1:0.78714859437751   uf1:0.7627626612585207   uar:0.7670394420394421
[53, 0, 9, 1, 0]
[3, 20, 2, 7, 0]
[6, 5, 80, 6, 2]
[1, 4, 3, 19, 0]
[0, 0, 1, 3, 24]
casme¢ò-5c   acc:0.8072289156626506   f1:0.8072289156626506   uf1:0.7986107235691838   uar:0.8139249639249639
[52, 1, 9, 1, 0]
[2, 24, 2, 2, 2]
[7, 6, 78, 8, 0]
[3, 3, 0, 21, 0]
[0, 0, 0, 2, 26]
casme¢ò-5c   acc:0.7991967871485943   f1:0.7991967871485943   uf1:0.7958366559344904   uar:0.7977212602212602
[53, 0, 10, 0, 0]
[2, 22, 4, 2, 2]
[8, 6, 78, 6, 1]
[0, 1, 4, 22, 0]
[1, 0, 2, 1, 24]
casme¢ò-3c   acc:0.9166666666666666   f1:0.9166666666666666   uf1:0.8986474918678309   uar:0.8809523809523809
[93, 2, 1]
[6, 25, 1]
[3, 0, 25]
casme¢ò-3c   acc:0.9230769230769231   f1:0.9230769230769231   uf1:0.9037851677286084   uar:0.8759920634920636
[95, 0, 1]
[6, 25, 1]
[4, 0, 24]
casme¢ò-3c   acc:0.9166666666666666   f1:0.9166666666666666   uf1:0.8981066825894413   uar:0.8809523809523809
[93, 1, 2]
[6, 25, 1]
[3, 0, 25]
casme¢ò-3c   acc:0.9166666666666666   f1:0.9166666666666666   uf1:0.8972856645270438   uar:0.8839285714285715
[93, 1, 2]
[8, 23, 1]
[1, 0, 27]
casme¢ò-3c   acc:0.9102564102564102   f1:0.9102564102564102   uf1:0.8842411521948844   uar:0.8690476190476191
[93, 2, 1]
[6, 25, 1]
[2, 2, 24]
casme¢ò-3c   acc:0.9166666666666666   f1:0.9166666666666666   uf1:0.900837381996287   uar:0.8978174603174603
[91, 3, 2]
[6, 25, 1]
[1, 0, 27]
casme¢ò-3c   acc:0.9102564102564102   f1:0.9102564102564102   uf1:0.8836371732411337   uar:0.8551587301587302
[95, 0, 1]
[8, 23, 1]
[3, 1, 24]
casme¢ò-3c   acc:0.8846153846153846   f1:0.8846153846153846   uf1:0.869068117303947   uar:0.8675595238095237
[87, 8, 1]
[4, 28, 0]
[4, 1, 23]
casme¢ò-3c   acc:0.8910256410256411   f1:0.8910256410256411   uf1:0.8856454386644644   uar:0.9255952380952381
[81, 13, 2]
[0, 31, 1]
[1, 0, 27]
casme¢ò-3c   acc:0.8910256410256411   f1:0.8910256410256411   uf1:0.8655753968253969   uar:0.8655753968253969
[89, 4, 3]
[5, 26, 1]
[2, 2, 24]
samm-5c   acc:0.7720588235294118   f1:0.7720588235294118   uf1:0.709132477210726   uar:0.7158704453441296
[51, 0, 2, 3, 1]
[1, 6, 1, 1, 3]
[2, 1, 17, 1, 5]
[2, 0, 3, 19, 2]
[0, 2, 1, 0, 12]
samm-5c   acc:0.7867647058823529   f1:0.7867647058823529   uf1:0.7436501548071188   uar:0.7197300944669366
[54, 0, 1, 1, 1]
[1, 8, 1, 2, 0]
[4, 0, 21, 1, 0]
[3, 1, 6, 15, 1]
[1, 0, 4, 1, 9]
samm-5c   acc:0.7794117647058824   f1:0.7794117647058824   uf1:0.6936717624903069   uar:0.69306342780027
[54, 0, 1, 2, 0]
[3, 4, 1, 3, 1]
[3, 2, 15, 1, 5]
[0, 0, 4, 21, 1]
[1, 0, 1, 1, 12]
samm-5c   acc:0.7794117647058824   f1:0.7794117647058824   uf1:0.7111410646129797   uar:0.6823886639676113
[56, 0, 1, 0, 0]
[3, 5, 1, 3, 0]
[4, 1, 17, 4, 0]
[6, 0, 0, 18, 2]
[0, 1, 4, 0, 10]
samm-5c   acc:0.7720588235294118   f1:0.7720588235294118   uf1:0.7033649022158037   uar:0.6780296896086371
[56, 0, 0, 1, 0]
[3, 6, 2, 1, 0]
[3, 0, 16, 1, 6]
[3, 0, 4, 18, 1]
[1, 0, 1, 4, 9]
samm-5c   acc:0.7352941176470589   f1:0.735294117647059   uf1:0.6405165828086721   uar:0.6324696356275303
[55, 0, 2, 0, 0]
[0, 6, 4, 2, 0]
[3, 3, 14, 4, 2]
[2, 1, 0, 18, 5]
[2, 0, 2, 4, 7]
samm-5c   acc:0.8014705882352942   f1:0.8014705882352942   uf1:0.7380728860430994   uar:0.7267476383265857
[56, 0, 0, 0, 1]
[0, 8, 0, 3, 1]
[1, 2, 18, 4, 1]
[4, 0, 1, 18, 3]
[0, 0, 4, 2, 9]
samm-5c   acc:0.7573529411764706   f1:0.7573529411764706   uf1:0.676028094638568   uar:0.6885425101214574
[56, 0, 0, 1, 0]
[0, 7, 3, 2, 0]
[3, 1, 13, 3, 6]
[1, 4, 1, 15, 5]
[1, 0, 2, 0, 12]
samm-5c   acc:0.7794117647058824   f1:0.7794117647058824   uf1:0.7075711350796096   uar:0.6926315789473685
[53, 1, 1, 2, 0]
[2, 6, 2, 2, 0]
[3, 0, 17, 4, 2]
[2, 1, 1, 22, 0]
[1, 2, 1, 3, 8]
samm-5c   acc:0.7941176470588235   f1:0.7941176470588235   uf1:0.734152501793087   uar:0.7209311740890688
[55, 0, 1, 1, 0]
[0, 9, 3, 0, 0]
[3, 1, 20, 2, 0]
[3, 0, 4, 17, 2]
[1, 2, 4, 1, 7]
samm-3c   acc:0.8796992481203008   f1:0.8796992481203008   uf1:0.8208656208656208   uar:0.8030471943515421
[86, 5, 1]
[5, 21, 0]
[2, 3, 10]
samm-3c   acc:0.8721804511278195   f1:0.8721804511278195   uf1:0.8143812709030099   uar:0.799424005945745
[85, 7, 0]
[4, 21, 1]
[3, 2, 10]
samm-3c   acc:0.8571428571428571   f1:0.8571428571428571   uf1:0.7588456648868549   uar:0.7457822370865849
[86, 6, 0]
[4, 20, 2]
[2, 5, 8]
samm-3c   acc:0.8721804511278195   f1:0.8721804511278195   uf1:0.8202517162471397   uar:0.799424005945745
[85, 7, 0]
[5, 21, 0]
[2, 3, 10]
samm-3c   acc:0.8646616541353384   f1:0.8646616541353384   uf1:0.7880051480051481   uar:0.7680044593088072
[86, 6, 0]
[5, 20, 1]
[2, 4, 9]
samm-3c   acc:0.8721804511278195   f1:0.8721804511278195   uf1:0.8028061146340716   uar:0.7810293571163136
[87, 5, 0]
[6, 19, 1]
[1, 4, 10]
samm-3c   acc:0.8721804511278195   f1:0.8721804511278195   uf1:0.8067296348895051   uar:0.7902266815310294
[86, 4, 2]
[6, 20, 0]
[2, 3, 10]
samm-3c   acc:0.849624060150376   f1:0.849624060150376   uf1:0.7683684046332356   uar:0.7605536975102192
[83, 8, 1]
[4, 22, 0]
[2, 5, 8]
samm-3c   acc:0.8646616541353384   f1:0.8646616541353384   uf1:0.791033226556121   uar:0.7772017837235229
[85, 6, 1]
[5, 21, 0]
[1, 5, 9]
samm-3c   acc:0.8872180451127819   f1:0.8872180451127819   uf1:0.8207357016880826   uar:0.7976774433296172
[89, 2, 1]
[7, 18, 1]
[1, 3, 11]
smic-3c   acc:0.7378048780487805   f1:0.7378048780487805   uf1:0.740663948211118   uar:0.7250928278288059
[59, 9, 2]
[20, 30, 1]
[10, 1, 32]
smic-3c   acc:0.7865853658536586   f1:0.7865853658536586   uf1:0.7807850585628362   uar:0.7690682474540204
[63, 3, 4]
[13, 35, 3]
[10, 2, 31]
smic-3c   acc:0.7804878048780488   f1:0.7804878048780488   uf1:0.7813857169348806   uar:0.7726185047662476
[58, 7, 5]
[12, 38, 1]
[9, 2, 32]
smic-3c   acc:0.7621951219512195   f1:0.7621951219512195   uf1:0.7572066620315133   uar:0.7531105465441991
[60, 2, 8]
[18, 30, 3]
[6, 2, 35]
smic-3c   acc:0.7804878048780488   f1:0.7804878048780488   uf1:0.7692943093786976   uar:0.75609406553319
[68, 0, 2]
[21, 27, 3]
[9, 1, 33]
smic-3c   acc:0.7560975609756098   f1:0.7560975609756099   uf1:0.7534955465989949   uar:0.7483486417822943
[59, 6, 5]
[17, 30, 4]
[8, 0, 35]
smic-3c   acc:0.7378048780487805   f1:0.7378048780487805   uf1:0.7356788951345669   uar:0.7297570190867044
[55, 9, 6]
[13, 36, 2]
[8, 5, 30]
smic-3c   acc:0.7682926829268293   f1:0.7682926829268293   uf1:0.770677881788993   uar:0.7584305039845396
[60, 7, 3]
[18, 32, 1]
[8, 1, 34]
smic-3c   acc:0.7560975609756098   f1:0.7560975609756099   uf1:0.7447489219641118   uar:0.7442425032028316
[62, 1, 7]
[20, 26, 5]
[6, 1, 36]
smic-3c   acc:0.774390243902439   f1:0.7743902439024389   uf1:0.7721238627920995   uar:0.7638503463400864
[62, 5, 3]
[20, 29, 2]
[6, 1, 36]
full-3c   acc:0.8852097130242825   f1:0.8852097130242825   uf1:0.8644536129558906   uar:0.8681222293340919
[238, 11, 9]
[13, 87, 9]
[6, 4, 76]
full-3c   acc:0.9006622516556292   f1:0.9006622516556292   uf1:0.8874871951076363   uar:0.8834127492117677
[241, 8, 9]
[14, 92, 3]
[9, 2, 75]
full-3c   acc:0.8962472406181016   f1:0.8962472406181016   uf1:0.8779689057324296   uar:0.8789322712941233
[241, 7, 10]
[13, 88, 8]
[7, 2, 77]
full-3c   acc:0.8896247240618101   f1:0.8896247240618101   uf1:0.8720333711965861   uar:0.8636417514164473
[244, 9, 5]
[19, 83, 7]
[9, 1, 76]
full-3c   acc:0.8830022075055187   f1:0.8830022075055186   uf1:0.8649964370770292   uar:0.8728160633430528
[235, 12, 11]
[14, 86, 9]
[5, 2, 79]
full-3c   acc:0.8807947019867549   f1:0.8807947019867549   uf1:0.8593814460700959   uar:0.8455538961192898
[245, 4, 9]
[20, 83, 6]
[13, 2, 71]
full-3c   acc:0.8874172185430463   f1:0.8874172185430463   uf1:0.8718852773721989   uar:0.8642462603418438
[241, 8, 9]
[19, 87, 3]
[9, 3, 74]
full-3c   acc:0.891832229580574   f1:0.891832229580574   uf1:0.8755752786932236   uar:0.8703624682929142
[241, 9, 8]
[17, 89, 3]
[7, 5, 74]
full-3c   acc:0.8830022075055187   f1:0.8830022075055186   uf1:0.864126958872005   uar:0.8642462603418438
[238, 10, 10]
[15, 87, 7]
[8, 3, 75]
full-3c   acc:0.8852097130242825   f1:0.8852097130242825   uf1:0.8663833254800238   uar:0.8656686342839532
[238, 8, 12]
[13, 90, 6]
[10, 3, 73]
