casme¢ò-5c   acc:0.8473895582329317   f1:0.8473895582329318   uf1:0.8441137566137566   uar:0.8455507455507456
[57, 2, 4, 0, 0]
[3, 24, 3, 1, 1]
[9, 3, 82, 5, 0]
[1, 2, 1, 23, 0]
[0, 0, 3, 0, 25]
casme¢ò-5c   acc:0.8273092369477911   f1:0.8273092369477912   uf1:0.8124635066426112   uar:0.8031265031265031
[57, 0, 6, 0, 0]
[1, 24, 5, 1, 1]
[9, 1, 83, 5, 1]
[0, 3, 6, 17, 1]
[0, 0, 2, 1, 25]
casme¢ò-5c   acc:0.8514056224899599   f1:0.8514056224899599   uf1:0.8393461856851421   uar:0.8365379990379991
[55, 1, 6, 1, 0]
[1, 22, 6, 1, 2]
[6, 2, 87, 3, 1]
[1, 2, 2, 22, 0]
[0, 0, 1, 1, 26]
casme¢ò-5c   acc:0.8313253012048193   f1:0.8313253012048193   uf1:0.8217604039427121   uar:0.8187349687349688
[55, 1, 6, 0, 1]
[2, 24, 4, 2, 0]
[9, 4, 83, 3, 0]
[2, 5, 1, 19, 0]
[0, 0, 2, 0, 26]
casme¢ò-5c   acc:0.8232931726907631   f1:0.8232931726907632   uf1:0.8129364403718407   uar:0.8186838624338624
[59, 1, 3, 0, 0]
[1, 25, 2, 3, 1]
[13, 7, 77, 2, 0]
[0, 6, 1, 20, 0]
[0, 0, 3, 1, 24]
casme¢ò-5c   acc:0.8313253012048193   f1:0.8313253012048193   uf1:0.8098101869749179   uar:0.8001563251563251
[58, 0, 5, 0, 0]
[2, 20, 8, 1, 1]
[5, 6, 85, 1, 2]
[2, 1, 4, 19, 1]
[0, 0, 1, 2, 25]
casme¢ò-5c   acc:0.8192771084337349   f1:0.819277108433735   uf1:0.8227367654703475   uar:0.8158639971139972
[47, 1, 15, 0, 0]
[0, 27, 4, 0, 1]
[2, 7, 85, 5, 0]
[1, 0, 8, 18, 0]
[0, 0, 0, 1, 27]
casme¢ò-5c   acc:0.8232931726907631   f1:0.8232931726907632   uf1:0.8206859623353113   uar:0.835218253968254
[56, 0, 6, 1, 0]
[1, 21, 6, 3, 1]
[10, 7, 77, 2, 3]
[0, 1, 2, 24, 0]
[0, 0, 0, 1, 27]
casme¢ò-5c   acc:0.8313253012048193   f1:0.8313253012048193   uf1:0.8110342557564902   uar:0.8284932659932661
[53, 2, 6, 2, 0]
[0, 18, 6, 6, 2]
[7, 4, 84, 4, 0]
[0, 1, 0, 25, 1]
[0, 0, 0, 1, 27]
casme¢ò-5c   acc:0.8273092369477911   f1:0.8273092369477912   uf1:0.8182762355803401   uar:0.8101701539201539
[55, 2, 5, 1, 0]
[0, 25, 5, 1, 1]
[8, 5, 83, 2, 1]
[2, 1, 7, 17, 0]
[0, 0, 2, 0, 26]
casme¢ò-5c   acc:0.8032128514056225   f1:0.8032128514056225   uf1:0.7971352742091449   uar:0.7926677489177489
[53, 1, 7, 1, 1]
[0, 23, 7, 1, 1]
[11, 5, 80, 2, 1]
[0, 3, 6, 18, 0]
[0, 0, 1, 1, 26]
casme¢ò-5c   acc:0.8192771084337349   f1:0.819277108433735   uf1:0.8136606605365928   uar:0.7972883597883598
[49, 2, 12, 0, 0]
[2, 22, 6, 1, 1]
[7, 2, 88, 2, 0]
[1, 0, 5, 19, 2]
[0, 0, 1, 1, 26]
casme¢ò-5c   acc:0.8393574297188755   f1:0.8393574297188755   uf1:0.818926289532034   uar:0.8075006012506012
[57, 2, 4, 0, 0]
[0, 25, 6, 0, 1]
[7, 3, 86, 2, 1]
[1, 2, 10, 14, 0]
[0, 0, 0, 1, 27]
casme¢ò-5c   acc:0.8192771084337349   f1:0.819277108433735   uf1:0.7992784009534487   uar:0.8072901635401635
[54, 3, 4, 2, 0]
[0, 23, 6, 2, 1]
[7, 6, 82, 3, 1]
[1, 4, 2, 19, 1]
[0, 1, 0, 1, 26]
casme¢ò-5c   acc:0.8192771084337349   f1:0.819277108433735   uf1:0.8190547465021684   uar:0.8323082010582011
[55, 1, 5, 2, 0]
[2, 21, 6, 3, 0]
[13, 2, 77, 7, 0]
[0, 2, 0, 25, 0]
[0, 0, 0, 2, 26]
casme¢ò-5c   acc:0.8473895582329317   f1:0.8473895582329318   uf1:0.8307316193089764   uar:0.8298911736411737
[54, 2, 5, 1, 1]
[1, 25, 4, 1, 1]
[4, 5, 87, 3, 0]
[1, 3, 4, 19, 0]
[0, 0, 1, 1, 26]
casme¢ò-5c   acc:0.7991967871485943   f1:0.7991967871485943   uf1:0.7923859107583436   uar:0.7974567099567099
[53, 0, 9, 1, 0]
[0, 22, 4, 4, 2]
[11, 8, 78, 1, 1]
[0, 4, 2, 21, 0]
[0, 0, 2, 1, 25]
casme¢ò-5c   acc:0.8313253012048193   f1:0.8313253012048193   uf1:0.8239582985680741   uar:0.8143759018759018
[53, 0, 10, 0, 0]
[4, 26, 1, 0, 1]
[10, 2, 85, 2, 0]
[1, 5, 3, 18, 0]
[0, 2, 0, 1, 25]
casme¢ò-5c   acc:0.8393574297188755   f1:0.8393574297188755   uf1:0.8281762417491112   uar:0.8349777537277537
[53, 2, 8, 0, 0]
[2, 21, 3, 5, 1]
[7, 3, 85, 2, 2]
[1, 0, 1, 25, 0]
[0, 0, 1, 2, 25]
casme¢ò-5c   acc:0.8393574297188755   f1:0.8393574297188755   uf1:0.8153842360770197   uar:0.8208543771043771
[57, 2, 4, 0, 0]
[1, 23, 4, 2, 2]
[2, 8, 84, 5, 0]
[2, 4, 2, 19, 0]
[0, 0, 1, 1, 26]
casme¢ò-5c   acc:0.8393574297188755   f1:0.8393574297188755   uf1:0.8133581370820512   uar:0.8194264069264069
[59, 0, 4, 0, 0]
[2, 26, 2, 1, 1]
[7, 7, 82, 1, 2]
[1, 6, 3, 15, 2]
[0, 0, 1, 0, 27]
casme¢ò-5c   acc:0.8152610441767069   f1:0.8152610441767069   uf1:0.8177820427975225   uar:0.8282347282347283
[56, 1, 6, 0, 0]
[2, 24, 4, 1, 1]
[13, 5, 75, 5, 1]
[2, 2, 0, 23, 0]
[0, 1, 1, 1, 25]
casme¢ò-5c   acc:0.8232931726907631   f1:0.8232931726907632   uf1:0.8172586112053537   uar:0.8076539201539201
[56, 1, 5, 1, 0]
[0, 22, 8, 1, 1]
[9, 2, 82, 4, 2]
[1, 0, 6, 20, 0]
[0, 1, 2, 0, 25]
casme¢ò-3c   acc:0.9166666666666666   f1:0.9166666666666666   uf1:0.899504613025704   uar:0.8893849206349206
[92, 2, 2]
[6, 25, 1]
[2, 0, 26]
casme¢ò-3c   acc:0.9294871794871795   f1:0.9294871794871795   uf1:0.9150017774617846   uar:0.9117063492063493
[92, 0, 4]
[5, 26, 1]
[1, 0, 27]
casme¢ò-3c   acc:0.8653846153846154   f1:0.8653846153846154   uf1:0.8492731862297079   uar:0.8655753968253969
[83, 11, 2]
[4, 28, 0]
[1, 3, 24]
casme¢ò-3c   acc:0.9294871794871795   f1:0.9294871794871795   uf1:0.9160936818978324   uar:0.9117063492063493
[92, 3, 1]
[5, 26, 1]
[1, 0, 27]
casme¢ò-3c   acc:0.9230769230769231   f1:0.9230769230769231   uf1:0.9075123706702654   uar:0.8998015873015873
[92, 2, 2]
[5, 26, 1]
[2, 0, 26]
casme¢ò-3c   acc:0.9358974358974359   f1:0.9358974358974359   uf1:0.9134081936112391   uar:0.8983134920634921
[95, 1, 0]
[4, 26, 2]
[2, 1, 25]
casme¢ò-3c   acc:0.9166666666666666   f1:0.9166666666666666   uf1:0.8895698924731182   uar:0.8625992063492064
[95, 1, 0]
[6, 26, 0]
[3, 3, 22]
casme¢ò-3c   acc:0.9166666666666666   f1:0.9166666666666666   uf1:0.9017377512271928   uar:0.9047619047619048
[90, 3, 3]
[5, 26, 1]
[1, 0, 27]
casme¢ò-3c   acc:0.9294871794871795   f1:0.9294871794871795   uf1:0.9149846322260115   uar:0.9255952380952381
[90, 4, 2]
[3, 28, 1]
[0, 1, 27]
casme¢ò-3c   acc:0.9294871794871795   f1:0.9294871794871795   uf1:0.908065809414659   uar:0.8893849206349206
[95, 0, 1]
[6, 24, 2]
[2, 0, 26]
casme¢ò-3c   acc:0.9230769230769231   f1:0.9230769230769231   uf1:0.9095434520623235   uar:0.9151785714285715
[90, 3, 3]
[4, 27, 1]
[1, 0, 27]
casme¢ò-3c   acc:0.9166666666666666   f1:0.9166666666666666   uf1:0.8928521324354657   uar:0.8918650793650794
[91, 2, 3]
[3, 29, 0]
[2, 3, 23]
casme¢ò-3c   acc:0.9230769230769231   f1:0.9230769230769231   uf1:0.9083086951006507   uar:0.908234126984127
[91, 2, 3]
[5, 26, 1]
[1, 0, 27]
casme¢ò-3c   acc:0.9294871794871795   f1:0.9294871794871795   uf1:0.9191356912668388   uar:0.910218253968254
[92, 2, 2]
[5, 27, 0]
[2, 0, 26]
casme¢ò-3c   acc:0.9102564102564102   f1:0.9102564102564102   uf1:0.898942497837103   uar:0.9012896825396827
[89, 4, 3]
[6, 26, 0]
[1, 0, 27]
casme¢ò-3c   acc:0.9294871794871795   f1:0.9294871794871795   uf1:0.9140276800375321   uar:0.9047619047619048
[93, 1, 2]
[6, 25, 1]
[1, 0, 27]
casme¢ò-3c   acc:0.9102564102564102   f1:0.9102564102564102   uf1:0.8947536156379142   uar:0.9012896825396827
[89, 1, 6]
[5, 26, 1]
[1, 0, 27]
casme¢ò-3c   acc:0.9423076923076923   f1:0.9423076923076923   uf1:0.9292517006802722   uar:0.9171626984126983
[94, 1, 1]
[4, 27, 1]
[2, 0, 26]
casme¢ò-3c   acc:0.9102564102564102   f1:0.9102564102564102   uf1:0.890920467185762   uar:0.8928571428571429
[90, 3, 3]
[5, 26, 1]
[1, 1, 26]
casme¢ò-3c   acc:0.8974358974358975   f1:0.8974358974358975   uf1:0.873015873015873   uar:0.8621031746031745
[91, 2, 3]
[6, 25, 1]
[3, 1, 24]
samm-5c   acc:0.8308823529411765   f1:0.8308823529411766   uf1:0.7673461891643709   uar:0.7339271255060729
[56, 0, 1, 0, 0]
[2, 6, 2, 2, 0]
[2, 0, 21, 3, 0]
[3, 0, 0, 22, 1]
[1, 0, 4, 2, 8]
samm-5c   acc:0.8235294117647058   f1:0.8235294117647058   uf1:0.7633853541416566   uar:0.7535897435897436
[57, 0, 0, 0, 0]
[1, 7, 3, 1, 0]
[1, 1, 16, 2, 6]
[3, 0, 2, 20, 1]
[0, 0, 2, 1, 12]
samm-5c   acc:0.8161764705882353   f1:0.8161764705882353   uf1:0.7467952526776057   uar:0.7208502024291498
[56, 0, 1, 0, 0]
[0, 5, 3, 4, 0]
[2, 0, 20, 4, 0]
[3, 0, 2, 20, 1]
[1, 1, 2, 1, 10]
samm-5c   acc:0.7941176470588235   f1:0.7941176470588235   uf1:0.7230016759211415   uar:0.7175978407557354
[55, 0, 0, 2, 0]
[0, 8, 2, 1, 1]
[1, 2, 22, 0, 1]
[1, 0, 8, 15, 2]
[0, 1, 4, 2, 8]
samm-5c   acc:0.8161764705882353   f1:0.8161764705882353   uf1:0.7491587185130839   uar:0.7256410256410256
[57, 0, 0, 0, 0]
[0, 6, 4, 2, 0]
[1, 0, 22, 1, 2]
[5, 0, 3, 16, 2]
[0, 0, 3, 2, 10]
samm-5c   acc:0.7941176470588235   f1:0.7941176470588235   uf1:0.7432697608838191   uar:0.7188798920377868
[55, 0, 1, 0, 1]
[1, 5, 4, 2, 0]
[8, 0, 14, 2, 2]
[5, 0, 0, 21, 0]
[0, 0, 1, 1, 13]
samm-5c   acc:0.8455882352941176   f1:0.8455882352941176   uf1:0.8002585649644474   uar:0.7737516869095816
[55, 0, 1, 1, 0]
[3, 7, 2, 0, 0]
[2, 0, 22, 2, 0]
[1, 1, 2, 21, 1]
[1, 0, 2, 2, 10]
samm-5c   acc:0.8382352941176471   f1:0.8382352941176471   uf1:0.7826431924563189   uar:0.7543589743589744
[57, 0, 0, 0, 0]
[0, 6, 3, 3, 0]
[4, 0, 19, 2, 1]
[3, 0, 2, 21, 0]
[0, 1, 3, 0, 11]
samm-5c   acc:0.8014705882352942   f1:0.8014705882352942   uf1:0.7486613835939173   uar:0.7422132253711201
[55, 0, 1, 1, 0]
[0, 8, 1, 2, 1]
[2, 0, 15, 5, 4]
[2, 0, 2, 20, 2]
[0, 1, 1, 2, 11]
samm-5c   acc:0.8161764705882353   f1:0.8161764705882353   uf1:0.744157620515974   uar:0.7364912280701754
[56, 0, 0, 0, 1]
[0, 8, 2, 2, 0]
[3, 2, 20, 0, 1]
[2, 3, 2, 19, 0]
[0, 1, 4, 2, 8]
samm-5c   acc:0.8161764705882353   f1:0.8161764705882353   uf1:0.7273581420747475   uar:0.7160593792172739
[55, 0, 1, 0, 1]
[0, 4, 3, 4, 1]
[1, 0, 20, 3, 2]
[0, 0, 4, 22, 0]
[0, 0, 3, 2, 10]
samm-5c   acc:0.8602941176470589   f1:0.8602941176470589   uf1:0.8073159369010762   uar:0.7807692307692308
[57, 0, 0, 0, 0]
[2, 7, 1, 2, 0]
[3, 0, 22, 1, 0]
[0, 0, 5, 21, 0]
[0, 2, 3, 0, 10]
samm-5c   acc:0.8161764705882353   f1:0.8161764705882353   uf1:0.7497059840885507   uar:0.7340080971659918
[55, 0, 2, 0, 0]
[2, 6, 3, 1, 0]
[1, 3, 20, 1, 1]
[2, 0, 2, 20, 2]
[1, 0, 3, 1, 10]
samm-5c   acc:0.8014705882352942   f1:0.8014705882352942   uf1:0.739409198949806   uar:0.7332388663967612
[55, 0, 0, 1, 1]
[0, 7, 3, 2, 0]
[1, 0, 19, 5, 1]
[2, 3, 2, 17, 2]
[0, 0, 3, 1, 11]
samm-5c   acc:0.8382352941176471   f1:0.8382352941176471   uf1:0.7798232860683453   uar:0.7633333333333334
[57, 0, 0, 0, 0]
[2, 7, 1, 1, 1]
[4, 1, 21, 0, 0]
[1, 0, 1, 18, 6]
[0, 0, 3, 1, 11]
samm-5c   acc:0.8088235294117647   f1:0.8088235294117648   uf1:0.7595481830370956   uar:0.7532388663967612
[55, 0, 0, 2, 0]
[1, 9, 2, 0, 0]
[2, 1, 18, 4, 1]
[3, 1, 1, 18, 3]
[0, 1, 3, 1, 10]
samm-5c   acc:0.7720588235294118   f1:0.7720588235294118   uf1:0.7023668624011795   uar:0.6855465587044535
[55, 0, 1, 1, 0]
[2, 7, 2, 0, 1]
[2, 0, 20, 1, 3]
[4, 1, 2, 15, 4]
[0, 0, 3, 4, 8]
samm-5c   acc:0.8235294117647058   f1:0.8235294117647058   uf1:0.7773409117543654   uar:0.758191632928475
[54, 0, 1, 1, 1]
[1, 8, 1, 1, 1]
[2, 0, 21, 3, 0]
[1, 0, 3, 20, 2]
[0, 0, 4, 2, 9]
samm-5c   acc:0.8161764705882353   f1:0.8161764705882353   uf1:0.747140162233541   uar:0.7312820512820513
[57, 0, 0, 0, 0]
[2, 6, 2, 2, 0]
[2, 0, 21, 3, 0]
[2, 1, 2, 16, 5]
[0, 0, 3, 1, 11]
samm-5c   acc:0.8088235294117647   f1:0.8088235294117648   uf1:0.7288051896047733   uar:0.7110931174089068
[53, 1, 0, 3, 0]
[1, 4, 5, 1, 1]
[2, 0, 23, 1, 0]
[0, 0, 5, 21, 0]
[0, 0, 6, 0, 9]
samm-3c   acc:0.8872180451127819   f1:0.8872180451127819   uf1:0.8245565871352034   uar:0.7880713489409142
[88, 4, 0]
[5, 21, 0]
[4, 2, 9]
samm-3c   acc:0.8872180451127819   f1:0.8872180451127819   uf1:0.8327582240625718   uar:0.8252694165737644
[86, 5, 1]
[4, 21, 1]
[2, 2, 11]
samm-3c   acc:0.8796992481203008   f1:0.8796992481203008   uf1:0.8008465608465608   uar:0.775455221107395
[89, 3, 0]
[6, 18, 2]
[2, 3, 10]
samm-3c   acc:0.8947368421052632   f1:0.8947368421052632   uf1:0.8403852769177846   uar:0.8010962467484206
[89, 3, 0]
[6, 20, 0]
[3, 2, 10]
samm-3c   acc:0.8872180451127819   f1:0.8872180451127819   uf1:0.8270171013915623   uar:0.815867707172055
[86, 5, 1]
[4, 22, 0]
[1, 4, 10]
samm-3c   acc:0.8872180451127819   f1:0.8872180451127819   uf1:0.8199323867478027   uar:0.806874767744333
[88, 2, 2]
[6, 19, 1]
[1, 3, 11]
samm-3c   acc:0.9022556390977443   f1:0.9022556390977443   uf1:0.8359842626509293   uar:0.804515050167224
[89, 2, 1]
[4, 22, 0]
[4, 2, 9]
samm-3c   acc:0.8872180451127819   f1:0.8872180451127819   uf1:0.8341060985797828   uar:0.8070791527313267
[89, 3, 0]
[8, 17, 1]
[1, 2, 12]
samm-3c   acc:0.8872180451127819   f1:0.8872180451127819   uf1:0.837697763229678   uar:0.806874767744333
[88, 4, 0]
[7, 19, 0]
[1, 3, 11]
samm-3c   acc:0.8646616541353384   f1:0.8646616541353384   uf1:0.7801397238737392   uar:0.749405425492382
[87, 5, 0]
[6, 20, 0]
[2, 5, 8]
samm-3c   acc:0.8947368421052632   f1:0.8947368421052632   uf1:0.8505182760501908   uar:0.8196952805648459
[88, 4, 0]
[6, 20, 0]
[2, 2, 11]
samm-3c   acc:0.8872180451127819   f1:0.8872180451127819   uf1:0.827497472658763   uar:0.8066703827573393
[87, 4, 1]
[5, 21, 0]
[2, 3, 10]
samm-3c   acc:0.8646616541353384   f1:0.8646616541353384   uf1:0.7859265386147106   uar:0.7680044593088072
[86, 4, 2]
[6, 20, 0]
[2, 4, 9]
samm-3c   acc:0.8796992481203008   f1:0.8796992481203008   uf1:0.789961811238407   uar:0.7660535117056856
[89, 3, 0]
[5, 19, 2]
[2, 4, 9]
samm-3c   acc:0.8947368421052632   f1:0.8947368421052632   uf1:0.8388712522045855   uar:0.81049795615013
[89, 3, 0]
[6, 19, 1]
[2, 2, 11]
samm-3c   acc:0.9097744360902256   f1:0.9097744360902256   uf1:0.8474028207774338   uar:0.8083426235600149
[91, 1, 0]
[6, 20, 0]
[1, 4, 10]
samm-3c   acc:0.8947368421052632   f1:0.8947368421052632   uf1:0.8409851631417856   uar:0.8107023411371238
[90, 2, 0]
[8, 17, 1]
[1, 2, 12]
samm-3c   acc:0.8872180451127819   f1:0.8872180451127819   uf1:0.8426030550324336   uar:0.8436640654031958
[84, 7, 1]
[3, 23, 0]
[1, 3, 11]
samm-3c   acc:0.8796992481203008   f1:0.8796992481203008   uf1:0.7910680076628352   uar:0.766462281679673
[91, 1, 0]
[8, 15, 3]
[1, 3, 11]
samm-3c   acc:0.9097744360902256   f1:0.9097744360902256   uf1:0.8710781971651537   uar:0.8545336306205872
[87, 5, 0]
[3, 23, 0]
[2, 2, 11]
smic-3c   acc:0.7804878048780488   f1:0.7804878048780488   uf1:0.7797995322418978   uar:0.7738344950383255
[58, 8, 4]
[12, 37, 2]
[6, 4, 33]
smic-3c   acc:0.7926829268292683   f1:0.7926829268292683   uf1:0.7949628127112914   uar:0.7882222656504462
[60, 4, 6]
[17, 33, 1]
[6, 0, 37]
smic-3c   acc:0.8048780487804879   f1:0.8048780487804877   uf1:0.8034481943656645   uar:0.7899919657785595
[65, 1, 4]
[19, 32, 0]
[6, 2, 35]
smic-3c   acc:0.7804878048780488   f1:0.7804878048780488   uf1:0.7826149425287356   uar:0.7798145614835081
[56, 6, 8]
[13, 37, 1]
[6, 2, 35]
smic-3c   acc:0.7926829268292683   f1:0.7926829268292683   uf1:0.7918367346938776   uar:0.7821423142900571
[60, 6, 4]
[12, 38, 1]
[8, 3, 32]
smic-3c   acc:0.7865853658536586   f1:0.7865853658536586   uf1:0.7892103115881647   uar:0.7898985950969535
[54, 11, 5]
[8, 40, 3]
[7, 1, 35]
smic-3c   acc:0.7804878048780488   f1:0.7804878048780488   uf1:0.7811847744432013   uar:0.7821466571124573
[54, 7, 9]
[8, 40, 3]
[8, 1, 34]
smic-3c   acc:0.7926829268292683   f1:0.7926829268292683   uf1:0.7918818400676687   uar:0.8065207478340173
[49, 10, 11]
[2, 45, 4]
[4, 3, 36]
smic-3c   acc:0.8048780487804879   f1:0.8048780487804877   uf1:0.8058448797579233   uar:0.8048422469763099
[58, 4, 8]
[11, 37, 3]
[6, 0, 37]
smic-3c   acc:0.7926829268292683   f1:0.7926829268292683   uf1:0.7966085376844051   uar:0.8095107810566087
[48, 15, 7]
[4, 45, 2]
[4, 2, 37]
smic-3c   acc:0.7865853658536586   f1:0.7865853658536586   uf1:0.7893695936806605   uar:0.7757062514928452
[62, 6, 2]
[18, 32, 1]
[8, 0, 35]
smic-3c   acc:0.7804878048780488   f1:0.7804878048780488   uf1:0.7824464137132982   uar:0.7869107332855623
[52, 9, 9]
[8, 41, 2]
[6, 2, 35]
smic-3c   acc:0.7804878048780488   f1:0.7804878048780488   uf1:0.7819157405003168   uar:0.7875686708792043
[53, 10, 7]
[8, 38, 5]
[6, 0, 37]
smic-3c   acc:0.7926829268292683   f1:0.7926829268292683   uf1:0.7854427641812475   uar:0.7679499706859488
[68, 1, 1]
[20, 30, 1]
[8, 3, 32]
smic-3c   acc:0.7926829268292683   f1:0.7926829268292683   uf1:0.7928210542191388   uar:0.788780318328882
[59, 3, 8]
[13, 35, 3]
[7, 0, 36]
smic-3c   acc:0.7926829268292683   f1:0.7926829268292683   uf1:0.7915713152826555   uar:0.7941024471804226
[56, 5, 9]
[10, 38, 3]
[4, 3, 36]
smic-3c   acc:0.774390243902439   f1:0.7743902439024389   uf1:0.7745431343030615   uar:0.7727205610926542
[57, 5, 8]
[15, 34, 2]
[5, 2, 36]
smic-3c   acc:0.7865853658536586   f1:0.7865853658536586   uf1:0.7889189056226833   uar:0.7934466809979805
[52, 9, 9]
[7, 42, 2]
[7, 1, 35]
smic-3c   acc:0.8109756097560976   f1:0.8109756097560975   uf1:0.8110462717359269   uar:0.8060560658371876
[61, 4, 5]
[14, 35, 2]
[5, 1, 37]
smic-3c   acc:0.7987804878048781   f1:0.7987804878048782   uf1:0.8004893055252769   uar:0.8036284281154321
[55, 9, 6]
[8, 39, 4]
[6, 0, 37]
full-3c   acc:0.8874172185430463   f1:0.8874172185430463   uf1:0.8767908430835968   uar:0.8703624682929142
[238, 13, 7]
[18, 89, 2]
[10, 1, 75]
full-3c   acc:0.9006622516556292   f1:0.9006622516556292   uf1:0.8875690293013129   uar:0.8948273000971957
[235, 12, 11]
[9, 97, 3]
[6, 4, 76]
full-3c   acc:0.9139072847682119   f1:0.9139072847682119   uf1:0.8990453401971666   uar:0.893879050802456
[245, 5, 8]
[12, 95, 2]
[7, 5, 74]
full-3c   acc:0.9006622516556292   f1:0.9006622516556292   uf1:0.8867068351193383   uar:0.8834127492117677
[241, 8, 9]
[14, 92, 3]
[8, 3, 75]
full-3c   acc:0.9028697571743929   f1:0.9028697571743929   uf1:0.8911174887622337   uar:0.8969371547779911
[236, 14, 8]
[10, 96, 3]
[5, 4, 77]
full-3c   acc:0.8940397350993378   f1:0.8940397350993377   uf1:0.8764135562882052   uar:0.8828082402863712
[238, 4, 16]
[14, 88, 7]
[4, 3, 79]
full-3c   acc:0.9006622516556292   f1:0.9006622516556292   uf1:0.8864832189250054   uar:0.8885807078680985
[239, 8, 11]
[13, 92, 4]
[6, 3, 77]
full-3c   acc:0.9028697571743929   f1:0.9028697571743929   uf1:0.8850246959130655   uar:0.8847047388758504
[242, 9, 7]
[12, 92, 5]
[5, 6, 75]
full-3c   acc:0.9072847682119205   f1:0.9072847682119205   uf1:0.8894489995613591   uar:0.8898726975321812
[243, 4, 11]
[12, 92, 5]
[5, 5, 76]
full-3c   acc:0.9050772626931567   f1:0.9050772626931568   uf1:0.8891486634026909   uar:0.9042149681151175
[235, 11, 12]
[5, 95, 9]
[4, 2, 80]
full-3c   acc:0.8962472406181016   f1:0.8962472406181016   uf1:0.8845486942965582   uar:0.8885807078680985
[236, 11, 11]
[13, 92, 4]
[7, 1, 78]
full-3c   acc:0.8896247240618101   f1:0.8896247240618101   uf1:0.8736250739732775   uar:0.8866012374653297
[231, 16, 11]
[7, 96, 6]
[5, 5, 76]
full-3c   acc:0.9028697571743929   f1:0.9028697571743929   uf1:0.8913224836937074   uar:0.8925870611383733
[238, 9, 11]
[11, 95, 3]
[9, 1, 76]
full-3c   acc:0.9006622516556292   f1:0.9006622516556292   uf1:0.8891989664082688   uar:0.8903468221795509
[238, 11, 9]
[13, 93, 3]
[7, 2, 77]
full-3c   acc:0.8940397350993378   f1:0.8940397350993377   uf1:0.8799607771300497   uar:0.8690704786288315
[243, 6, 9]
[18, 89, 2]
[11, 2, 73]
full-3c   acc:0.8962472406181016   f1:0.8962472406181016   uf1:0.8789997060249259   uar:0.8756608112272716
[241, 9, 8]
[11, 92, 6]
[11, 2, 73]
full-3c   acc:0.8896247240618101   f1:0.8896247240618101   uf1:0.8769555590371897   uar:0.8749259180238483
[239, 10, 9]
[20, 85, 4]
[6, 1, 79]
full-3c   acc:0.8984547461368654   f1:0.8984547461368654   uf1:0.8795208980331263   uar:0.8863404689092763
[239, 7, 12]
[11, 90, 8]
[4, 4, 78]
full-3c   acc:0.9050772626931567   f1:0.9050772626931568   uf1:0.8898114519621322   uar:0.8850484792451936
[244, 5, 9]
[15, 90, 4]
[7, 3, 76]
full-3c   acc:0.8896247240618101   f1:0.8896247240618101   uf1:0.8711760758952601   uar:0.8785885309247802
[236, 11, 11]
[12, 90, 7]
[4, 5, 77]


CBAM

casme¢ò-5c   acc:0.8433734939759037   f1:0.8433734939759037   uf1:0.836324085054979   uar:0.8376172438672438
[56, 2, 5, 0, 0]
[2, 23, 6, 0, 1]
[6, 6, 83, 4, 0]
[0, 5, 1, 21, 0]
[0, 0, 1, 0, 27]
casme¢ò-5c   acc:0.8594377510040161   f1:0.8594377510040161   uf1:0.8535130790954645   uar:0.8701930014430015
[53, 2, 8, 0, 0]
[0, 27, 1, 3, 1]
[3, 5, 84, 7, 0]
[1, 2, 0, 24, 0]
[0, 0, 1, 1, 26]
casme¢ò-5c   acc:0.8594377510040161   f1:0.8594377510040161   uf1:0.8494866293091219   uar:0.8510792448292449
[58, 2, 1, 2, 0]
[3, 25, 3, 1, 0]
[8, 4, 84, 3, 0]
[1, 1, 4, 20, 1]
[0, 0, 1, 0, 27]
casme¢ò-5c   acc:0.8433734939759037   f1:0.8433734939759037   uf1:0.8154496954475418   uar:0.8044342231842231
[57, 2, 4, 0, 0]
[1, 21, 4, 4, 2]
[5, 1, 89, 4, 0]
[1, 3, 3, 20, 0]
[0, 0, 5, 0, 23]
casme¢ò-5c   acc:0.8514056224899599   f1:0.8514056224899599   uf1:0.8438607091347189   uar:0.8419161856661856
[58, 1, 4, 0, 0]
[1, 25, 3, 2, 1]
[11, 2, 83, 3, 0]
[0, 3, 3, 20, 1]
[0, 0, 2, 0, 26]
casme¢ò-5c   acc:0.8232931726907631   f1:0.8232931726907632   uf1:0.8205704020091396   uar:0.8294342231842231
[55, 1, 7, 0, 0]
[3, 25, 3, 1, 0]
[7, 8, 78, 5, 1]
[0, 3, 3, 20, 1]
[0, 0, 1, 0, 27]


CBAM


casme¢ò-5c   acc:0.8353413654618473   f1:0.8353413654618473   uf1:0.8296671717560393   uar:0.8256553631553631
[51, 3, 7, 1, 1]
[0, 26, 1, 4, 1]
[8, 4, 86, 1, 0]
[1, 0, 3, 23, 0]
[0, 0, 6, 0, 22]
casme¢ò-5c   acc:0.8473895582329317   f1:0.8473895582329318   uf1:0.8361588846064741   uar:0.849001924001924
[50, 5, 7, 0, 1]
[0, 28, 1, 1, 2]
[6, 2, 86, 4, 1]
[0, 3, 2, 22, 0]
[0, 0, 1, 2, 25]
casme¢ò-5c   acc:0.8192771084337349   f1:0.819277108433735   uf1:0.8220500415843244   uar:0.8176827801827802
[48, 1, 13, 0, 1]
[0, 22, 8, 1, 1]
[6, 3, 85, 3, 2]
[0, 0, 3, 23, 1]
[0, 0, 1, 1, 26]
casme¢ò-5c   acc:0.8273092369477911   f1:0.8273092369477912   uf1:0.8074109515009937   uar:0.814399951899952
[55, 1, 6, 0, 1]
[2, 26, 2, 0, 2]
[8, 4, 82, 5, 0]
[1, 6, 2, 17, 1]
[0, 0, 1, 1, 26]
casme¢ò-5c   acc:0.8313253012048193   f1:0.8313253012048193   uf1:0.8287805376502939   uar:0.8369498556998558
[54, 1, 7, 0, 1]
[0, 21, 8, 1, 2]
[9, 3, 81, 5, 1]
[1, 1, 1, 24, 0]
[0, 0, 0, 1, 27]
casme¢ò-5c   acc:0.8353413654618473   f1:0.8353413654618473   uf1:0.8266099272205464   uar:0.8362854737854738
[56, 2, 5, 0, 0]
[0, 26, 2, 3, 1]
[9, 6, 80, 4, 0]
[0, 3, 2, 22, 0]
[2, 1, 0, 1, 24]
casme¢ò-5c   acc:0.8393574297188755   f1:0.8393574297188755   uf1:0.8444099319336592   uar:0.8502134439634441
[52, 2, 9, 0, 0]
[0, 25, 6, 0, 1]
[7, 5, 82, 5, 0]
[0, 2, 1, 23, 1]
[0, 0, 1, 0, 27]
casme¢ò-5c   acc:0.8232931726907631   f1:0.8232931726907632   uf1:0.8267930480918384   uar:0.8355850168350167
[53, 1, 9, 0, 0]
[3, 27, 1, 0, 1]
[11, 5, 78, 4, 1]
[2, 2, 1, 20, 2]
[0, 0, 1, 0, 27]
casme¢ò-5c   acc:0.8152610441767069   f1:0.8152610441767069   uf1:0.8061533677698799   uar:0.8148809523809524
[56, 1, 5, 0, 1]
[3, 26, 0, 2, 1]
[10, 6, 77, 5, 1]
[2, 0, 6, 18, 1]
[0, 0, 1, 1, 26]
casme¢ò-5c   acc:0.8192771084337349   f1:0.819277108433735   uf1:0.8108051162561603   uar:0.8195917508417508
[50, 4, 9, 0, 0]
[1, 27, 2, 1, 1]
[9, 3, 82, 4, 1]
[1, 4, 1, 19, 2]
[0, 1, 1, 0, 26]
casme¢ò-5c   acc:0.8273092369477911   f1:0.8273092369477912   uf1:0.8031529904908459   uar:0.8060726310726312
[56, 0, 5, 1, 1]
[2, 20, 4, 3, 3]
[7, 5, 84, 3, 0]
[0, 4, 4, 19, 0]
[0, 0, 1, 0, 27]
casme¢ò-5c   acc:0.8152610441767069   f1:0.8152610441767069   uf1:0.8109911728873975   uar:0.8145051707551708
[48, 1, 13, 1, 0]
[0, 23, 4, 5, 0]
[5, 4, 84, 4, 2]
[0, 2, 3, 22, 0]
[0, 0, 1, 1, 26]
casme¢ò-5c   acc:0.8232931726907631   f1:0.8232931726907632   uf1:0.8164135764208007   uar:0.81625481000481
[52, 2, 7, 2, 0]
[0, 25, 5, 2, 0]
[7, 4, 83, 5, 0]
[0, 1, 3, 22, 1]
[0, 1, 3, 1, 23]
casme¢ò-5c   acc:0.8273092369477911   f1:0.8273092369477912   uf1:0.8177705155848687   uar:0.8340367965367965
[54, 2, 6, 1, 0]
[0, 22, 2, 7, 1]
[10, 4, 80, 5, 0]
[1, 1, 1, 24, 0]
[0, 0, 0, 2, 26]
casme¢ò-5c   acc:0.8433734939759037   f1:0.8433734939759037   uf1:0.8236515564035599   uar:0.8358255170755171
[58, 1, 3, 1, 0]
[2, 27, 1, 1, 1]
[9, 6, 81, 2, 1]
[1, 5, 1, 19, 1]
[0, 0, 0, 3, 25]
casme¢ò-5c   acc:0.8313253012048193   f1:0.8313253012048193   uf1:0.8219207683073229   uar:0.8165644540644539
[50, 2, 10, 0, 1]
[0, 26, 4, 0, 2]
[5, 4, 87, 2, 1]
[1, 6, 0, 20, 0]
[0, 0, 4, 0, 24]
casme¢ò-5c   acc:0.8353413654618473   f1:0.8353413654618473   uf1:0.8321223415940467   uar:0.8245941558441559
[52, 1, 10, 0, 0]
[1, 27, 3, 1, 0]
[8, 5, 85, 1, 0]
[1, 5, 2, 18, 1]
[0, 0, 2, 0, 26]
casme¢ò-5c   acc:0.8232931726907631   f1:0.8232931726907632   uf1:0.803586376232067   uar:0.8157166907166907
[55, 3, 5, 0, 0]
[1, 28, 1, 1, 1]
[8, 6, 80, 4, 1]
[2, 6, 2, 17, 0]
[0, 0, 0, 3, 25]
casme¢ò-5c   acc:0.8353413654618473   f1:0.8353413654618473   uf1:0.830739980018277   uar:0.8315295815295816
[55, 0, 6, 1, 1]
[1, 24, 6, 0, 1]
[9, 4, 82, 4, 0]
[1, 2, 2, 21, 1]
[0, 0, 1, 1, 26]
casme¢ò-5c   acc:0.8473895582329317   f1:0.8473895582329318   uf1:0.8373800905483829   uar:0.8298911736411737
[54, 1, 8, 0, 0]
[0, 25, 3, 2, 2]
[9, 3, 87, 0, 0]
[1, 6, 1, 19, 0]
[0, 0, 2, 0, 26]
casme¢ò-5c   acc:0.8072289156626506   f1:0.8072289156626506   uf1:0.7788761411462451   uar:0.7994047619047618
[55, 2, 5, 0, 1]
[0, 30, 2, 0, 0]
[11, 7, 77, 2, 2]
[0, 15, 0, 12, 0]
[0, 0, 0, 1, 27]
casme¢ò-5c   acc:0.8192771084337349   f1:0.819277108433735   uf1:0.804131441314104   uar:0.8147216209716209
[56, 2, 4, 1, 0]
[1, 23, 3, 4, 1]
[13, 2, 79, 4, 1]
[0, 6, 2, 19, 0]
[0, 0, 0, 1, 27]
casme¢ò-5c   acc:0.8313253012048193   f1:0.8313253012048193   uf1:0.8188161039822504   uar:0.8250180375180374
[54, 0, 7, 0, 2]
[1, 22, 4, 4, 1]
[9, 1, 83, 6, 0]
[1, 2, 2, 21, 1]
[0, 0, 0, 1, 27]
casme¢ò-5c   acc:0.8192771084337349   f1:0.819277108433735   uf1:0.8165802149098909   uar:0.80755772005772
[53, 2, 7, 1, 0]
[1, 22, 7, 1, 1]
[10, 2, 83, 4, 0]
[2, 1, 3, 21, 0]
[0, 0, 2, 1, 25]
casme¢ò-5c   acc:0.8393574297188755   f1:0.8393574297188755   uf1:0.8231706991071108   uar:0.8096981721981722
[51, 2, 10, 0, 0]
[0, 22, 7, 2, 1]
[2, 4, 91, 2, 0]
[0, 4, 4, 19, 0]
[0, 0, 1, 1, 26]
casme¢ò-5c   acc:0.8594377510040161   f1:0.8594377510040161   uf1:0.8542659524749163   uar:0.8799332611832611
[57, 4, 1, 1, 0]
[0, 27, 2, 1, 2]
[9, 7, 79, 4, 0]
[0, 3, 0, 24, 0]
[0, 0, 0, 1, 27]
casme¢ò-5c   acc:0.8353413654618473   f1:0.8353413654618473   uf1:0.8313313721506305   uar:0.825381794131794
[56, 3, 4, 0, 0]
[2, 21, 6, 2, 1]
[10, 2, 83, 3, 1]
[0, 0, 5, 22, 0]
[0, 0, 2, 0, 26]
casme¢ò-5c   acc:0.8393574297188755   f1:0.8393574297188755   uf1:0.8166455171480298   uar:0.8076629389129388
[60, 0, 3, 0, 0]
[3, 19, 8, 1, 1]
[8, 1, 85, 5, 0]
[1, 2, 3, 20, 1]
[0, 0, 1, 2, 25]
casme¢ò-5c   acc:0.8353413654618473   f1:0.8353413654618473   uf1:0.8205828987396784   uar:0.8270352332852333
[55, 0, 7, 0, 1]
[5, 23, 2, 1, 1]
[6, 5, 83, 3, 2]
[1, 5, 1, 20, 0]
[0, 0, 0, 1, 27]
casme¢ò-5c   acc:0.8313253012048193   f1:0.8313253012048193   uf1:0.8299754314352855   uar:0.8451659451659452
[59, 1, 2, 1, 0]
[2, 24, 3, 2, 1]
[11, 8, 75, 5, 0]
[0, 0, 3, 24, 0]
[2, 0, 0, 1, 25]
casme¢ò-3c   acc:0.9230769230769231   f1:0.9230769230769231   uf1:0.9042738081131256   uar:0.9012896825396827
[92, 3, 1]
[5, 25, 2]
[1, 0, 27]
casme¢ò-3c   acc:0.8974358974358975   f1:0.8974358974358975   uf1:0.8794967216019849   uar:0.865079365079365
[91, 2, 3]
[9, 23, 0]
[2, 0, 26]
casme¢ò-3c   acc:0.9423076923076923   f1:0.9423076923076923   uf1:0.9348496615151246   uar:0.939484126984127
[91, 2, 3]
[3, 29, 0]
[1, 0, 27]
casme¢ò-3c   acc:0.9294871794871795   f1:0.9294871794871795   uf1:0.9111161364398604   uar:0.8794642857142857
[96, 0, 0]
[6, 25, 1]
[4, 0, 24]
casme¢ò-3c   acc:0.9038461538461539   f1:0.9038461538461539   uf1:0.8865956206971073   uar:0.8908730158730159
[89, 2, 5]
[6, 25, 1]
[1, 0, 27]
casme¢ò-3c   acc:0.9294871794871795   f1:0.9294871794871795   uf1:0.9073289693235784   uar:0.8933531746031745
[94, 2, 0]
[4, 27, 1]
[2, 2, 24]
casme¢ò-3c   acc:0.9166666666666666   f1:0.9166666666666666   uf1:0.9002267573696145   uar:0.8893849206349206
[92, 3, 1]
[6, 25, 1]
[2, 0, 26]
casme¢ò-3c   acc:0.9358974358974359   f1:0.9358974358974359   uf1:0.9254351423842948   uar:0.9067460317460316
[94, 1, 1]
[6, 26, 0]
[2, 0, 26]
casme¢ò-3c   acc:0.9230769230769231   f1:0.9230769230769231   uf1:0.9094017094017094   uar:0.8968253968253969
[92, 4, 0]
[4, 28, 0]
[3, 1, 24]
casme¢ò-3c   acc:0.9423076923076923   f1:0.9423076923076923   uf1:0.9327578112077849   uar:0.9156746031746031
[94, 1, 1]
[4, 28, 0]
[3, 0, 25]
casme¢ò-3c   acc:0.9166666666666666   f1:0.9166666666666666   uf1:0.9074416755763907   uar:0.9047619047619048
[90, 5, 1]
[6, 26, 0]
[1, 0, 27]
casme¢ò-3c   acc:0.9423076923076923   f1:0.9423076923076923   uf1:0.9275491759702286   uar:0.9032738095238096
[96, 0, 0]
[6, 25, 1]
[2, 0, 26]
casme¢ò-3c   acc:0.9230769230769231   f1:0.9230769230769231   uf1:0.9029059735699216   uar:0.8928571428571429
[93, 1, 2]
[6, 25, 1]
[1, 1, 26]
casme¢ò-3c   acc:0.9358974358974359   f1:0.9358974358974359   uf1:0.9226857137281307   uar:0.9206349206349206
[92, 0, 4]
[3, 28, 1]
[2, 0, 26]
casme¢ò-3c   acc:0.9230769230769231   f1:0.9230769230769231   uf1:0.9075123706702654   uar:0.8998015873015873
[92, 2, 2]
[5, 26, 1]
[2, 0, 26]
casme¢ò-3c   acc:0.8974358974358975   f1:0.8974358974358975   uf1:0.8789598774118899   uar:0.8928571428571429
[87, 8, 1]
[3, 27, 2]
[1, 1, 26]
casme¢ò-3c   acc:0.9294871794871795   f1:0.9294871794871795   uf1:0.9140276800375321   uar:0.9047619047619048
[93, 1, 2]
[6, 25, 1]
[1, 0, 27]
casme¢ò-3c   acc:0.9230769230769231   f1:0.9230769230769231   uf1:0.9074707470747074   uar:0.878968253968254
[95, 0, 1]
[9, 23, 0]
[2, 0, 26]
casme¢ò-3c   acc:0.9294871794871795   f1:0.9294871794871795   uf1:0.9164388243335612   uar:0.9226190476190476
[90, 4, 2]
[1, 30, 1]
[3, 0, 25]
casme¢ò-3c   acc:0.9294871794871795   f1:0.9294871794871795   uf1:0.9040196712610505   uar:0.8908730158730159
[95, 0, 1]
[7, 23, 2]
[0, 1, 27]
casme¢ò-3c   acc:0.9102564102564102   f1:0.9102564102564102   uf1:0.8815327682690816   uar:0.8635912698412698
[94, 0, 2]
[8, 23, 1]
[1, 2, 25]
casme¢ò-3c   acc:0.9294871794871795   f1:0.9294871794871795   uf1:0.911244019138756   uar:0.8908730158730159
[95, 0, 1]
[8, 23, 1]
[1, 0, 27]
casme¢ò-3c   acc:0.9230769230769231   f1:0.9230769230769231   uf1:0.906640004101933   uar:0.8913690476190476
[93, 2, 1]
[5, 26, 1]
[3, 0, 25]
casme¢ò-3c   acc:0.9294871794871795   f1:0.9294871794871795   uf1:0.9194681861348529   uar:0.9087301587301587
[92, 3, 1]
[4, 28, 0]
[3, 0, 25]
casme¢ò-3c   acc:0.9358974358974359   f1:0.9358974358974359   uf1:0.9226857137281307   uar:0.9206349206349206
[92, 0, 4]
[3, 28, 1]
[2, 0, 26]
casme¢ò-3c   acc:0.9294871794871795   f1:0.9294871794871795   uf1:0.9129679388300077   uar:0.8948412698412698
[94, 0, 2]
[5, 26, 1]
[3, 0, 25]
casme¢ò-3c   acc:0.9166666666666666   f1:0.9166666666666666   uf1:0.8921927193816596   uar:0.8794642857142857
[93, 1, 2]
[6, 26, 0]
[1, 3, 24]
casme¢ò-3c   acc:0.9294871794871795   f1:0.9294871794871795   uf1:0.9133784478612065   uar:0.896329365079365
[94, 1, 1]
[6, 25, 1]
[2, 0, 26]
casme¢ò-3c   acc:0.9230769230769231   f1:0.9230769230769231   uf1:0.9014736859564446   uar:0.8844246031746031
[94, 0, 2]
[6, 25, 1]
[2, 1, 25]
casme¢ò-3c   acc:0.9230769230769231   f1:0.9230769230769231   uf1:0.9055198436597388   uar:0.8943452380952381
[93, 0, 3]
[7, 24, 1]
[1, 0, 27]
samm-5c   acc:0.8308823529411765   f1:0.8308823529411766   uf1:0.7878309713921319   uar:0.7811066126855601
[56, 0, 1, 0, 0]
[0, 10, 0, 2, 0]
[2, 1, 18, 3, 2]
[1, 0, 3, 19, 3]
[0, 0, 4, 1, 10]
samm-5c   acc:0.8088235294117647   f1:0.8088235294117648   uf1:0.7501559619746176   uar:0.7302564102564102
[57, 0, 0, 0, 0]
[1, 8, 1, 2, 0]
[2, 2, 18, 4, 0]
[3, 1, 3, 18, 1]
[0, 0, 3, 3, 9]
samm-5c   acc:0.8235294117647058   f1:0.8235294117647058   uf1:0.7629189510816439   uar:0.7548582995951416
[54, 0, 0, 1, 2]
[0, 7, 3, 1, 1]
[1, 1, 21, 2, 1]
[3, 1, 0, 20, 2]
[0, 0, 5, 0, 10]
samm-5c   acc:0.8161764705882353   f1:0.8161764705882353   uf1:0.7658916256157635   uar:0.747165991902834
[54, 0, 1, 2, 0]
[1, 7, 3, 1, 0]
[2, 1, 21, 1, 1]
[2, 0, 3, 19, 2]
[0, 0, 4, 1, 10]
samm-5c   acc:0.7867647058823529   f1:0.7867647058823529   uf1:0.7227008547008547   uar:0.7009311740890688
[55, 0, 0, 2, 0]
[1, 7, 4, 0, 0]
[3, 0, 23, 0, 0]
[1, 0, 9, 14, 2]
[0, 1, 4, 2, 8]
samm-5c   acc:0.7867647058823529   f1:0.7867647058823529   uf1:0.7499583111669972   uar:0.7370715249662618
[52, 0, 0, 5, 0]
[1, 9, 1, 1, 0]
[4, 2, 14, 5, 1]
[2, 0, 1, 23, 0]
[0, 0, 4, 2, 9]
samm-5c   acc:0.7647058823529411   f1:0.7647058823529412   uf1:0.6847246194303492   uar:0.6866531713900134
[54, 0, 1, 0, 2]
[0, 5, 3, 2, 2]
[2, 0, 15, 3, 6]
[3, 1, 3, 18, 1]
[0, 1, 2, 0, 12]
samm-5c   acc:0.8308823529411765   f1:0.8308823529411766   uf1:0.7961242159515265   uar:0.7729824561403509
[55, 0, 0, 2, 0]
[1, 8, 2, 1, 0]
[2, 1, 19, 3, 1]
[3, 0, 3, 20, 0]
[0, 0, 3, 1, 11]
samm-5c   acc:0.7941176470588235   f1:0.7941176470588235   uf1:0.7732716893243209   uar:0.782361673414305
[50, 0, 2, 5, 0]
[1, 11, 0, 0, 0]
[4, 4, 15, 2, 1]
[2, 0, 3, 21, 0]
[0, 1, 2, 1, 11]
samm-5c   acc:0.8308823529411765   f1:0.8308823529411766   uf1:0.770136272387689   uar:0.7589743589743589
[57, 0, 0, 0, 0]
[0, 8, 3, 0, 1]
[2, 1, 21, 1, 1]
[0, 1, 6, 17, 2]
[0, 0, 3, 2, 10]
samm-5c   acc:0.8161764705882353   f1:0.8161764705882353   uf1:0.7591895971206317   uar:0.7423751686909582
[53, 0, 3, 1, 0]
[2, 6, 1, 3, 0]
[2, 0, 21, 2, 1]
[1, 2, 1, 21, 1]
[1, 0, 2, 2, 10]
samm-5c   acc:0.7720588235294118   f1:0.7720588235294118   uf1:0.716002886002886   uar:0.700161943319838
[55, 0, 1, 1, 0]
[1, 8, 3, 0, 0]
[3, 0, 19, 3, 1]
[5, 2, 2, 14, 3]
[0, 0, 5, 1, 9]
samm-5c   acc:0.8014705882352942   f1:0.8014705882352942   uf1:0.7405539171834292   uar:0.7234143049932524
[56, 0, 1, 0, 0]
[0, 7, 1, 4, 0]
[1, 0, 18, 2, 5]
[1, 0, 6, 18, 1]
[0, 0, 3, 2, 10]
samm-5c   acc:0.7941176470588235   f1:0.7941176470588235   uf1:0.7242246238609875   uar:0.696923076923077
[57, 0, 0, 0, 0]
[1, 6, 2, 3, 0]
[3, 2, 18, 3, 0]
[3, 0, 4, 18, 1]
[0, 0, 4, 2, 9]
samm-5c   acc:0.8014705882352942   f1:0.8014705882352942   uf1:0.7197181964573269   uar:0.7087989203778677
[56, 1, 0, 0, 0]
[0, 6, 3, 1, 2]
[5, 3, 15, 2, 1]
[2, 0, 1, 23, 0]
[0, 1, 3, 2, 9]
samm-5c   acc:0.8088235294117647   f1:0.8088235294117648   uf1:0.743069343186234   uar:0.7290418353576249
[53, 0, 1, 1, 2]
[0, 6, 3, 2, 1]
[1, 0, 20, 4, 1]
[0, 0, 3, 22, 1]
[0, 0, 2, 4, 9]
samm-5c   acc:0.8235294117647058   f1:0.8235294117647058   uf1:0.7591944544840663   uar:0.7423076923076922
[57, 0, 0, 0, 0]
[0, 7, 3, 1, 1]
[2, 0, 23, 0, 1]
[1, 0, 6, 15, 4]
[0, 0, 4, 1, 10]
samm-5c   acc:0.7867647058823529   f1:0.7867647058823529   uf1:0.7361754171754171   uar:0.7328879892037787
[53, 0, 0, 3, 1]
[0, 9, 2, 1, 0]
[5, 2, 17, 2, 0]
[1, 1, 2, 19, 3]
[1, 1, 1, 3, 9]
samm-5c   acc:0.8088235294117647   f1:0.8088235294117648   uf1:0.7244444444444443   uar:0.704183535762483
[56, 0, 0, 1, 0]
[2, 4, 3, 3, 0]
[1, 2, 17, 6, 0]
[1, 0, 2, 23, 0]
[0, 0, 4, 1, 10]
samm-5c   acc:0.8014705882352942   f1:0.8014705882352942   uf1:0.7256404984336282   uar:0.7012820512820512
[57, 0, 0, 0, 0]
[0, 5, 3, 2, 2]
[1, 0, 20, 3, 2]
[6, 0, 3, 17, 0]
[0, 0, 4, 1, 10]
samm-5c   acc:0.7720588235294118   f1:0.7720588235294118   uf1:0.6905561776782381   uar:0.6943454790823212
[54, 0, 0, 0, 3]
[1, 5, 2, 4, 0]
[2, 0, 16, 4, 4]
[0, 2, 2, 18, 4]
[0, 0, 1, 2, 12]
samm-5c   acc:0.7720588235294118   f1:0.7720588235294118   uf1:0.7091098872448314   uar:0.6836707152496626
[56, 0, 1, 0, 0]
[1, 6, 2, 3, 0]
[3, 1, 21, 1, 0]
[6, 0, 6, 12, 2]
[1, 0, 3, 1, 10]
samm-5c   acc:0.7941176470588235   f1:0.7941176470588235   uf1:0.7396529267833616   uar:0.7330634278002699
[54, 0, 2, 0, 1]
[1, 8, 2, 1, 0]
[1, 4, 17, 3, 1]
[2, 0, 4, 19, 1]
[0, 0, 4, 1, 10]
samm-5c   acc:0.7794117647058824   f1:0.7794117647058824   uf1:0.7105679044809479   uar:0.7208367071524966
[53, 2, 0, 2, 0]
[0, 6, 3, 2, 1]
[3, 2, 15, 2, 4]
[2, 0, 1, 19, 4]
[0, 0, 1, 1, 13]
samm-5c   acc:0.8088235294117647   f1:0.8088235294117648   uf1:0.7312949217124417   uar:0.7075168690958165
[56, 0, 1, 0, 0]
[3, 5, 2, 2, 0]
[2, 0, 22, 0, 2]
[3, 0, 2, 18, 3]
[0, 0, 4, 2, 9]
samm-5c   acc:0.8088235294117647   f1:0.8088235294117648   uf1:0.7362282024820723   uar:0.7173414304993252
[55, 0, 0, 0, 2]
[1, 5, 2, 2, 2]
[3, 0, 20, 2, 1]
[1, 0, 5, 20, 0]
[0, 0, 4, 1, 10]
samm-5c   acc:0.8161764705882353   f1:0.8161764705882353   uf1:0.7684944284619131   uar:0.7600809716599191
[56, 0, 0, 1, 0]
[1, 10, 1, 0, 0]
[3, 2, 19, 2, 0]
[3, 2, 3, 17, 1]
[1, 1, 4, 0, 9]
samm-5c   acc:0.7941176470588235   f1:0.7941176470588235   uf1:0.7335837042887687   uar:0.7347638326585695
[52, 0, 1, 2, 2]
[1, 6, 4, 1, 0]
[1, 0, 17, 3, 5]
[1, 0, 1, 21, 3]
[0, 1, 2, 0, 12]
samm-5c   acc:0.8235294117647058   f1:0.8235294117647058   uf1:0.7566251099049406   uar:0.7577732793522267
[56, 1, 0, 0, 0]
[1, 7, 2, 2, 0]
[2, 1, 14, 3, 6]
[0, 0, 2, 23, 1]
[0, 0, 2, 1, 12]
samm-5c   acc:0.8014705882352942   f1:0.8014705882352942   uf1:0.7409541429892956   uar:0.7436707152496626
[56, 0, 1, 0, 0]
[1, 8, 1, 2, 0]
[2, 1, 16, 1, 6]
[4, 2, 1, 17, 2]
[0, 1, 1, 1, 12]
samm-3c   acc:0.8947368421052632   f1:0.8947368421052632   uf1:0.8414363845710996   uar:0.7918989223337048
[90, 2, 0]
[7, 19, 0]
[4, 1, 10]
samm-3c   acc:0.9022556390977443   f1:0.9022556390977443   uf1:0.8571842715580856   uar:0.8513192121887774
[88, 2, 2]
[6, 19, 1]
[1, 1, 13]
samm-3c   acc:0.8947368421052632   f1:0.8947368421052632   uf1:0.8417406848779398   uar:0.8196952805648459
[88, 4, 0]
[5, 20, 1]
[2, 2, 11]
samm-3c   acc:0.8947368421052632   f1:0.8947368421052632   uf1:0.8501102501102501   uar:0.8288926049795614
[87, 5, 0]
[5, 21, 0]
[1, 3, 11]
samm-3c   acc:0.8872180451127819   f1:0.8872180451127819   uf1:0.8106575963718821   uar:0.7884801189149014
[90, 2, 0]
[7, 17, 2]
[0, 4, 11]
samm-3c   acc:0.9398496240601504   f1:0.9398496240601504   uf1:0.9048175995544416   uar:0.8692307692307693
[92, 0, 0]
[5, 21, 0]
[1, 2, 12]
samm-3c   acc:0.8947368421052632   f1:0.8947368421052632   uf1:0.8366243075920495   uar:0.8102935711631364
[88, 4, 0]
[5, 21, 0]
[1, 4, 10]
samm-3c   acc:0.8947368421052632   f1:0.8947368421052632   uf1:0.8144285294890219   uar:0.7918989223337048
[90, 2, 0]
[5, 19, 2]
[1, 4, 10]
samm-3c   acc:0.8872180451127819   f1:0.8872180451127819   uf1:0.8171128382268279   uar:0.7698810850984764
[91, 1, 0]
[9, 17, 0]
[1, 4, 10]
samm-3c   acc:0.8872180451127819   f1:0.8872180451127819   uf1:0.8157596950049779   uar:0.8066703827573393
[87, 3, 2]
[4, 21, 1]
[2, 3, 10]
samm-3c   acc:0.8947368421052632   f1:0.8947368421052632   uf1:0.8202996145025131   uar:0.8102935711631364
[88, 3, 1]
[4, 21, 1]
[0, 5, 10]
samm-3c   acc:0.8721804511278195   f1:0.8721804511278195   uf1:0.7968671679197996   uar:0.7718320327015978
[88, 1, 3]
[8, 18, 0]
[2, 3, 10]
samm-3c   acc:0.8721804511278195   f1:0.8721804511278195   uf1:0.7995346131471787   uar:0.7814381270903009
[89, 2, 1]
[9, 15, 2]
[1, 2, 12]
samm-3c   acc:0.9022556390977443   f1:0.9022556390977443   uf1:0.8658635560718663   uar:0.8327201783723522
[89, 2, 1]
[7, 19, 0]
[3, 0, 12]
samm-3c   acc:0.9022556390977443   f1:0.9022556390977443   uf1:0.8576463168191939   uar:0.8327201783723522
[89, 1, 2]
[7, 19, 0]
[2, 1, 12]
samm-3c   acc:0.9097744360902256   f1:0.9097744360902256   uf1:0.8551597228700084   uar:0.8085470085470085
[92, 0, 0]
[8, 18, 0]
[1, 3, 11]
samm-3c   acc:0.9022556390977443   f1:0.9022556390977443   uf1:0.8438940488476092   uar:0.8047194351542178
[90, 2, 0]
[6, 20, 0]
[2, 3, 10]
samm-3c   acc:0.9022556390977443   f1:0.9022556390977443   uf1:0.8515037593984963   uar:0.8235228539576367
[90, 2, 0]
[7, 18, 1]
[1, 2, 12]
samm-3c   acc:0.8947368421052632   f1:0.8947368421052632   uf1:0.8395692188145016   uar:0.8288926049795614
[87, 4, 1]
[4, 21, 1]
[2, 2, 11]
samm-3c   acc:0.8947368421052632   f1:0.8947368421052632   uf1:0.8310017271157167   uar:0.7827015979189892
[91, 1, 0]
[8, 18, 0]
[2, 3, 10]
samm-3c   acc:0.8872180451127819   f1:0.8872180451127819   uf1:0.8171756393322617   uar:0.7884801189149014
[90, 1, 1]
[8, 17, 1]
[1, 3, 11]
samm-3c   acc:0.8796992481203008   f1:0.8796992481203008   uf1:0.8220689806329298   uar:0.7846525455221106
[88, 3, 1]
[7, 19, 0]
[4, 1, 10]
samm-3c   acc:0.8796992481203008   f1:0.8796992481203008   uf1:0.8118844740823068   uar:0.7936454849498328
[86, 6, 0]
[4, 22, 0]
[1, 5, 9]
samm-3c   acc:0.8872180451127819   f1:0.8872180451127819   uf1:0.8196863530196864   uar:0.8066703827573393
[87, 4, 1]
[4, 21, 1]
[2, 3, 10]
samm-3c   acc:0.8947368421052632   f1:0.8947368421052632   uf1:0.8338418305901244   uar:0.8010962467484206
[89, 3, 0]
[6, 20, 0]
[1, 4, 10]
samm-3c   acc:0.8796992481203008   f1:0.8796992481203008   uf1:0.806439393939394   uar:0.785061315496098
[90, 2, 0]
[8, 15, 3]
[2, 1, 12]
samm-3c   acc:0.8872180451127819   f1:0.8872180451127819   uf1:0.829326923076923   uar:0.7882757339279078
[89, 2, 1]
[7, 19, 0]
[4, 1, 10]
samm-3c   acc:0.9022556390977443   f1:0.9022556390977443   uf1:0.8511680680477597   uar:0.8325157933853586
[88, 4, 0]
[4, 21, 1]
[2, 2, 11]
samm-3c   acc:0.8721804511278195   f1:0.8721804511278195   uf1:0.7952245952245951   uar:0.78082497212932
[86, 5, 1]
[4, 21, 1]
[3, 3, 9]
samm-3c   acc:0.8947368421052632   f1:0.8947368421052632   uf1:0.8534749572343556   uar:0.8198996655518395
[89, 3, 0]
[8, 18, 0]
[1, 2, 12]
smic-3c   acc:0.7865853658536586   f1:0.7865853658536586   uf1:0.784833640255327   uar:0.7738323236271253
[61, 2, 7]
[14, 36, 1]
[9, 2, 32]
smic-3c   acc:0.7865853658536586   f1:0.7865853658536586   uf1:0.7921660865031165   uar:0.7928886283195449
[53, 11, 6]
[10, 40, 1]
[6, 1, 36]
smic-3c   acc:0.7682926829268293   f1:0.7682926829268293   uf1:0.7695698978991102   uar:0.7625366425640023
[57, 7, 6]
[13, 36, 2]
[9, 1, 33]
smic-3c   acc:0.7987804878048781   f1:0.7987804878048782   uf1:0.8010076610070644   uar:0.7964323713981717
[57, 8, 5]
[10, 40, 1]
[7, 2, 34]
smic-3c   acc:0.7804878048780488   f1:0.7804878048780488   uf1:0.7825708061002179   uar:0.7720604520878119
[59, 3, 8]
[14, 36, 1]
[10, 0, 33]
smic-3c   acc:0.8109756097560976   f1:0.8109756097560975   uf1:0.8104905788490919   uar:0.8124943000455996
[56, 7, 7]
[8, 42, 1]
[3, 5, 35]
smic-3c   acc:0.7804878048780488   f1:0.7804878048780488   uf1:0.7717657026974468   uar:0.748798123900723
[68, 2, 0]
[17, 33, 1]
[14, 2, 27]
smic-3c   acc:0.8048780487804879   f1:0.8048780487804877   uf1:0.7995493126155102   uar:0.7929819990011509
[64, 3, 3]
[15, 32, 4]
[6, 1, 36]
smic-3c   acc:0.774390243902439   f1:0.7743902439024389   uf1:0.7694730722477671   uar:0.762076303389573
[63, 4, 3]
[21, 28, 2]
[5, 2, 36]
smic-3c   acc:0.774390243902439   f1:0.7743902439024389   uf1:0.7709645724098412   uar:0.755438299350748
[64, 3, 3]
[19, 31, 1]
[9, 2, 32]
smic-3c   acc:0.774390243902439   f1:0.7743902439024389   uf1:0.7776794162932777   uar:0.7743947191279613
[54, 9, 7]
[10, 40, 1]
[9, 1, 33]
smic-3c   acc:0.7682926829268293   f1:0.7682926829268293   uf1:0.7670370370370371   uar:0.7631945801576445
[58, 4, 8]
[14, 33, 4]
[8, 0, 35]
smic-3c   acc:0.7987804878048781   f1:0.7987804878048782   uf1:0.8009497468543497   uar:0.7893361995961176
[61, 6, 3]
[14, 36, 1]
[8, 1, 34]
smic-3c   acc:0.774390243902439   f1:0.7743902439024389   uf1:0.7790356794945329   uar:0.7685145375979849
[58, 7, 5]
[16, 35, 0]
[8, 1, 34]
smic-3c   acc:0.7804878048780488   f1:0.7804878048780488   uf1:0.7798832836668085   uar:0.7661802705578356
[63, 3, 4]
[20, 31, 0]
[7, 2, 34]
smic-3c   acc:0.7865853658536586   f1:0.7865853658536586   uf1:0.7850480045749907   uar:0.7726163333550474
[61, 5, 4]
[14, 37, 0]
[8, 4, 31]
smic-3c   acc:0.8048780487804879   f1:0.8048780487804877   uf1:0.805387560323843   uar:0.7958721473085358
[61, 4, 5]
[14, 37, 0]
[6, 3, 34]
smic-3c   acc:0.7926829268292683   f1:0.7926829268292683   uf1:0.7970313984257399   uar:0.7852322324278549
[61, 5, 4]
[18, 33, 0]
[7, 0, 36]
smic-3c   acc:0.8048780487804879   f1:0.8048780487804877   uf1:0.8081134391188215   uar:0.7969882526654072
[59, 8, 3]
[10, 41, 0]
[10, 1, 32]
smic-3c   acc:0.823170731707317   f1:0.823170731707317   uf1:0.8251875293014533   uar:0.8095998089158144
[65, 4, 1]
[15, 35, 1]
[8, 0, 35]
smic-3c   acc:0.7804878048780488   f1:0.7804878048780488   uf1:0.7808595821620626   uar:0.7858945128438973
[56, 5, 9]
[17, 32, 2]
[2, 1, 40]
smic-3c   acc:0.7865853658536586   f1:0.7865853658536586   uf1:0.7819877274920565   uar:0.7726163333550474
[61, 4, 5]
[11, 37, 3]
[10, 2, 31]
smic-3c   acc:0.8109756097560976   f1:0.8109756097560975   uf1:0.812962962962963   uar:0.8089462141445726
[58, 7, 5]
[10, 40, 1]
[6, 2, 35]
smic-3c   acc:0.7682926829268293   f1:0.7682926829268293   uf1:0.7712667025532024   uar:0.7757127657264457
[53, 3, 14]
[13, 35, 3]
[5, 0, 38]
smic-3c   acc:0.7865853658536586   f1:0.7865853658536586   uf1:0.7850257039228524   uar:0.7815864330228215
[58, 6, 6]
[10, 37, 4]
[8, 1, 34]
smic-3c   acc:0.7804878048780488   f1:0.7804878048780488   uf1:0.7817217167826632   uar:0.7762664755824811
[58, 6, 6]
[14, 35, 2]
[7, 1, 35]
smic-3c   acc:0.7987804878048781   f1:0.7987804878048782   uf1:0.7913546984307053   uar:0.779249994571472
[66, 1, 3]
[16, 32, 3]
[8, 2, 33]
smic-3c   acc:0.7987804878048781   f1:0.7987804878048782   uf1:0.8010893948765663   uar:0.7870041039671682
[63, 2, 5]
[18, 33, 0]
[8, 0, 35]
smic-3c   acc:0.7865853658536586   f1:0.7865853658536586   uf1:0.7918279443291585   uar:0.7917725229626734
[55, 10, 5]
[14, 36, 1]
[3, 2, 38]
smic-3c   acc:0.8109756097560976   f1:0.8109756097560975   uf1:0.8121130852609232   uar:0.7946539856252578
[64, 5, 1]
[14, 37, 0]
[9, 2, 32]
full-3c   acc:0.8874172185430463   f1:0.8874172185430463   uf1:0.8685191785796512   uar:0.8756608112272716
[235, 10, 13]
[9, 92, 8]
[8, 3, 75]
full-3c   acc:0.8962472406181016   f1:0.8962472406181016   uf1:0.878084734729446   uar:0.8658819903752697
[247, 2, 9]
[19, 85, 5]
[10, 2, 74]
full-3c   acc:0.9072847682119205   f1:0.9072847682119205   uf1:0.8912240054340951   uar:0.8856529881705901
[244, 5, 9]
[12, 94, 3]
[9, 4, 73]
full-3c   acc:0.8874172185430463   f1:0.8874172185430463   uf1:0.868106512136212   uar:0.8660123746532964
[240, 10, 8]
[13, 88, 8]
[10, 2, 74]
full-3c   acc:0.8940397350993378   f1:0.8940397350993377   uf1:0.8756404625969844   uar:0.8864708531873028
[235, 10, 13]
[8, 93, 8]
[5, 4, 77]
full-3c   acc:0.9050772626931567   f1:0.9050772626931568   uf1:0.8931738987508219   uar:0.9009435080482658
[235, 14, 9]
[6, 99, 4]
[8, 2, 76]
full-3c   acc:0.8940397350993378   f1:0.8940397350993377   uf1:0.881342165835178   uar:0.8855226038925633
[236, 14, 8]
[13, 91, 5]
[6, 2, 78]
full-3c   acc:0.8984547461368654   f1:0.8984547461368654   uf1:0.8834739999788543   uar:0.8862100846312496
[240, 8, 10]
[16, 87, 6]
[4, 2, 80]
full-3c   acc:0.891832229580574   f1:0.891832229580574   uf1:0.8754714592824415   uar:0.8677784889647487
[242, 6, 10]
[16, 89, 4]
[11, 2, 73]
full-3c   acc:0.8896247240618101   f1:0.8896247240618101   uf1:0.8765493335885207   uar:0.8690704786288315
[240, 11, 7]
[18, 89, 2]
[9, 3, 74]
full-3c   acc:0.8962472406181016   f1:0.8962472406181016   uf1:0.8794166459215003   uar:0.8797501363108361
[241, 7, 10]
[16, 87, 6]
[5, 3, 78]
full-3c   acc:0.8984547461368654   f1:0.8984547461368654   uf1:0.8844800749636503   uar:0.8766920323353009
[244, 7, 7]
[20, 86, 3]
[6, 3, 77]
full-3c   acc:0.9028697571743929   f1:0.9028697571743929   uf1:0.8846748490638537   uar:0.8992603655501031
[237, 9, 12]
[7, 90, 12]
[3, 1, 82]
full-3c   acc:0.8896247240618101   f1:0.8896247240618101   uf1:0.8725655430711611   uar:0.8716544579569968
[239, 8, 11]
[14, 89, 6]
[9, 2, 75]
full-3c   acc:0.8962472406181016   f1:0.8962472406181016   uf1:0.884205990088343   uar:0.8896593414408649
[234, 13, 11]
[9, 97, 3]
[9, 2, 75]
full-3c   acc:0.8962472406181016   f1:0.8962472406181016   uf1:0.8822269517118152   uar:0.8703624682929142
[244, 8, 6]
[18, 89, 2]
[10, 3, 73]
full-3c   acc:0.8940397350993378   f1:0.8940397350993377   uf1:0.8802942555075258   uar:0.8785885309247802
[239, 10, 9]
[15, 90, 4]
[8, 2, 76]
full-3c   acc:0.8984547461368654   f1:0.8984547461368654   uf1:0.8859829239709277   uar:0.8848351231538771
[238, 14, 6]
[11, 95, 3]
[9, 3, 74]
full-3c   acc:0.8896247240618101   f1:0.8896247240618101   uf1:0.8766426552739818   uar:0.8726027072517365
[238, 9, 11]
[16, 91, 2]
[10, 2, 74]
full-3c   acc:0.8962472406181016   f1:0.8962472406181016   uf1:0.8800230547035081   uar:0.8764786762439846
[241, 9, 8]
[14, 91, 4]
[8, 4, 74]
full-3c   acc:0.891832229580574   f1:0.891832229580574   uf1:0.878716840747425   uar:0.8762179076879311
[240, 8, 10]
[20, 85, 4]
[6, 1, 79]
full-3c   acc:0.891832229580574   f1:0.891832229580574   uf1:0.8738813252427003   uar:0.8624801460303914
[245, 6, 7]
[20, 86, 3]
[8, 5, 73]
full-3c   acc:0.9006622516556292   f1:0.9006622516556292   uf1:0.8837679587964219   uar:0.8771661569826708
[245, 5, 8]
[17, 87, 5]
[7, 3, 76]
full-3c   acc:0.891832229580574   f1:0.891832229580574   uf1:0.8764898932288041   uar:0.8895289571628381
[232, 14, 12]
[8, 94, 7]
[5, 3, 78]
full-3c   acc:0.9006622516556292   f1:0.9006622516556292   uf1:0.8836784786182822   uar:0.8766090605220113
[243, 9, 6]
[12, 94, 3]
[10, 5, 71]
full-3c   acc:0.8962472406181016   f1:0.8962472406181016   uf1:0.8820221711179815   uar:0.8870753621126996
[235, 13, 10]
[10, 97, 2]
[6, 6, 74]
full-3c   acc:0.8874172185430463   f1:0.8874172185430463   uf1:0.8707983792729556   uar:0.8623497617523647
[243, 5, 10]
[21, 83, 5]
[9, 1, 76]
full-3c   acc:0.891832229580574   f1:0.891832229580574   uf1:0.8737507787496573   uar:0.8666998553919827
[244, 5, 9]
[19, 84, 6]
[8, 2, 76]
full-3c   acc:0.8984547461368654   f1:0.8984547461368654   uf1:0.8856556854449372   uar:0.8830690088424248
[239, 11, 8]
[14, 94, 1]
[7, 5, 74]
full-3c   acc:0.9006622516556292   f1:0.9006622516556292   uf1:0.8861878768074893   uar:0.8887110921461252
[238, 12, 8]
[10, 95, 4]
[7, 4, 75]




cbam

casme¢ò-5c   acc:0.8554216867469879   f1:0.8554216867469879   uf1:0.8414509268260668   uar:0.8579184704184704
[58, 2, 2, 1, 0]
[2, 22, 4, 3, 1]
[6, 2, 82, 8, 1]
[1, 2, 0, 24, 0]
[0, 0, 1, 0, 27]
casme¢ò-5c   acc:0.8393574297188755   f1:0.8393574297188755   uf1:0.8313123166766625   uar:0.8443241943241944
[55, 0, 5, 3, 0]
[0, 24, 1, 6, 1]
[8, 3, 81, 7, 0]
[2, 0, 2, 23, 0]
[0, 0, 0, 2, 26]
casme¢ò-5c   acc:0.8232931726907631   f1:0.8232931726907632   uf1:0.8055614337663712   uar:0.8176647426647428
[58, 1, 4, 0, 0]
[1, 20, 4, 5, 2]
[11, 3, 79, 6, 0]
[1, 2, 1, 23, 0]
[0, 1, 0, 2, 25]
casme¢ò-5c   acc:0.8313253012048193   f1:0.8313253012048193   uf1:0.814616383948388   uar:0.8256523569023569
[50, 1, 9, 3, 0]
[0, 27, 1, 3, 1]
[5, 4, 85, 5, 0]
[1, 6, 1, 19, 0]
[0, 0, 0, 2, 26]
casme¢ò-5c   acc:0.8674698795180723   f1:0.8674698795180723   uf1:0.8525534777216972   uar:0.8597462722462723
[59, 1, 3, 0, 0]
[0, 22, 5, 3, 2]
[7, 4, 85, 3, 0]
[0, 4, 0, 23, 0]
[0, 0, 1, 0, 27]
casme¢ò-5c   acc:0.8594377510040161   f1:0.8594377510040161   uf1:0.842181251724399   uar:0.8419943482443483
[57, 1, 5, 0, 0]
[1, 23, 4, 3, 1]
[4, 6, 87, 2, 0]
[1, 4, 0, 22, 0]
[0, 0, 2, 1, 25]
casme¢ò-5c   acc:0.8514056224899599   f1:0.8514056224899599   uf1:0.8389770780279517   uar:0.8347192159692159
[54, 1, 7, 1, 0]
[0, 27, 3, 1, 1]
[4, 7, 87, 1, 0]
[1, 4, 5, 17, 0]
[0, 0, 1, 0, 27]
casme¢ò-5c   acc:0.8554216867469879   f1:0.8554216867469879   uf1:0.8419944913947642   uar:0.8589436026936028
[57, 2, 4, 0, 0]
[1, 25, 2, 3, 1]
[5, 6, 82, 5, 1]
[0, 4, 0, 23, 0]
[0, 0, 1, 1, 26]
casme¢ò-5c   acc:0.8433734939759037   f1:0.8433734939759037   uf1:0.8268927408930983   uar:0.8353054353054354
[55, 2, 6, 0, 0]
[2, 24, 2, 3, 1]
[9, 3, 84, 2, 1]
[0, 6, 0, 20, 1]
[0, 0, 0, 1, 27]
casme¢ò-5c   acc:0.8273092369477911   f1:0.8273092369477912   uf1:0.809384351868227   uar:0.8156896344396344
[56, 1, 4, 2, 0]
[1, 21, 6, 3, 1]
[6, 5, 82, 6, 0]
[1, 3, 3, 20, 0]
[0, 0, 0, 1, 27]
casme¢ò-3c   acc:0.9038461538461539   f1:0.9038461538461539   uf1:0.8855495369561419   uar:0.8809523809523809
[90, 1, 5]
[5, 26, 1]
[3, 0, 25]
casme¢ò-3c   acc:0.9423076923076923   f1:0.9423076923076923   uf1:0.9293026755751365   uar:0.9186507936507936
[94, 1, 1]
[5, 26, 1]
[1, 0, 27]
casme¢ò-3c   acc:0.9358974358974359   f1:0.9358974358974359   uf1:0.9194340190349504   uar:0.9136904761904763
[93, 2, 1]
[4, 27, 1]
[1, 1, 26]
casme¢ò-3c   acc:0.9294871794871795   f1:0.9294871794871795   uf1:0.9127084942637255   uar:0.9186507936507936
[91, 1, 4]
[4, 27, 1]
[0, 1, 27]
casme¢ò-3c   acc:0.9166666666666666   f1:0.9166666666666666   uf1:0.9053786620662317   uar:0.9047619047619048
[90, 3, 3]
[6, 26, 0]
[1, 0, 27]
casme¢ò-3c   acc:0.9166666666666666   f1:0.9166666666666666   uf1:0.901673155357805   uar:0.9032738095238096
[90, 3, 3]
[4, 27, 1]
[2, 0, 26]
casme¢ò-3c   acc:0.9294871794871795   f1:0.9294871794871795   uf1:0.9211010596956924   uar:0.9325396825396827
[89, 3, 4]
[3, 29, 0]
[1, 0, 27]
casme¢ò-3c   acc:0.9358974358974359   f1:0.9358974358974359   uf1:0.9232160866818778   uar:0.9221230158730159
[92, 2, 2]
[4, 27, 1]
[1, 0, 27]
casme¢ò-3c   acc:0.9166666666666666   f1:0.9166666666666666   uf1:0.904266010357381   uar:0.8893849206349206
[92, 3, 1]
[7, 25, 0]
[2, 0, 26]
casme¢ò-3c   acc:0.9423076923076923   f1:0.9423076923076923   uf1:0.9245193047223504   uar:0.9087301587301587
[95, 0, 1]
[4, 27, 1]
[2, 1, 25]
samm-5c   acc:0.8382352941176471   f1:0.8382352941176471   uf1:0.7843026004728133   uar:0.7708502024291497
[56, 0, 1, 0, 0]
[2, 8, 1, 1, 0]
[2, 1, 22, 1, 0]
[3, 2, 1, 18, 2]
[0, 1, 3, 1, 10]
samm-5c   acc:0.7941176470588235   f1:0.7941176470588235   uf1:0.7465554188014616   uar:0.7339136302294197
[53, 0, 4, 0, 0]
[0, 7, 1, 4, 0]
[3, 1, 19, 1, 2]
[2, 0, 3, 18, 3]
[0, 0, 4, 0, 11]
samm-5c   acc:0.8235294117647058   f1:0.8235294117647058   uf1:0.7696782400230676   uar:0.7525506072874493
[54, 0, 1, 1, 1]
[0, 8, 3, 1, 0]
[4, 0, 19, 2, 1]
[1, 0, 1, 23, 1]
[0, 1, 4, 2, 8]
samm-5c   acc:0.7794117647058824   f1:0.7794117647058824   uf1:0.729041496201052   uar:0.7114304993252362
[52, 1, 3, 1, 0]
[1, 7, 3, 0, 1]
[3, 0, 20, 2, 1]
[3, 0, 2, 18, 3]
[0, 0, 5, 1, 9]
samm-5c   acc:0.8014705882352942   f1:0.8014705882352942   uf1:0.7295058462256375   uar:0.7144399460188933
[56, 0, 0, 1, 0]
[1, 6, 4, 0, 1]
[1, 1, 16, 5, 3]
[3, 0, 2, 21, 0]
[1, 1, 1, 2, 10]
samm-5c   acc:0.7941176470588235   f1:0.7941176470588235   uf1:0.7284658647153617   uar:0.7249392712550607
[53, 0, 1, 2, 1]
[3, 6, 3, 0, 0]
[2, 1, 21, 0, 2]
[1, 3, 3, 17, 2]
[0, 0, 2, 2, 11]
samm-5c   acc:0.8308823529411765   f1:0.8308823529411766   uf1:0.7753122171945701   uar:0.763157894736842
[56, 0, 0, 0, 1]
[0, 8, 3, 1, 0]
[4, 3, 17, 2, 0]
[1, 1, 2, 22, 0]
[1, 1, 2, 1, 10]
samm-5c   acc:0.8161764705882353   f1:0.8161764705882353   uf1:0.7443984674329501   uar:0.7348582995951417
[54, 0, 3, 0, 0]
[2, 5, 2, 2, 1]
[3, 0, 16, 4, 3]
[0, 0, 1, 25, 0]
[0, 1, 2, 1, 11]
samm-5c   acc:0.7794117647058824   f1:0.7794117647058824   uf1:0.7056077412049309   uar:0.7024561403508771
[52, 1, 2, 1, 1]
[0, 6, 1, 4, 1]
[3, 3, 16, 4, 0]
[0, 2, 1, 23, 0]
[0, 0, 3, 3, 9]
samm-5c   acc:0.7647058823529411   f1:0.7647058823529412   uf1:0.7033880399924543   uar:0.6904048582995951
[52, 0, 4, 0, 1]
[0, 7, 5, 0, 0]
[4, 0, 21, 0, 1]
[1, 1, 2, 16, 6]
[0, 0, 4, 3, 8]
samm-3c   acc:0.8947368421052632   f1:0.8947368421052632   uf1:0.8445452254976065   uar:0.8198996655518395
[89, 3, 0]
[7, 18, 1]
[1, 2, 12]
samm-3c   acc:0.8947368421052632   f1:0.8947368421052632   uf1:0.8065668505384817   uar:0.7921033073206987
[91, 1, 0]
[5, 17, 4]
[1, 3, 11]
samm-3c   acc:0.8947368421052632   f1:0.8947368421052632   uf1:0.8305942060659041   uar:0.8196952805648459
[88, 4, 0]
[4, 20, 2]
[1, 3, 11]
samm-3c   acc:0.8646616541353384   f1:0.8646616541353384   uf1:0.7807608695652174   uar:0.786807878112226
[86, 4, 2]
[4, 18, 4]
[2, 2, 11]
samm-3c   acc:0.8947368421052632   f1:0.8947368421052632   uf1:0.8508001262718242   uar:0.838294314381271
[87, 4, 1]
[6, 20, 0]
[0, 3, 12]
samm-3c   acc:0.9097744360902256   f1:0.9097744360902256   uf1:0.8616683552853767   uar:0.8457450761798588
[90, 1, 1]
[7, 18, 1]
[0, 2, 13]
samm-3c   acc:0.9022556390977443   f1:0.9022556390977443   uf1:0.8424606206118811   uar:0.8327201783723522
[89, 3, 0]
[4, 19, 3]
[2, 1, 12]
samm-3c   acc:0.8721804511278195   f1:0.8721804511278195   uf1:0.7754714421381088   uar:0.7810293571163136
[87, 4, 1]
[3, 19, 4]
[0, 5, 10]
samm-3c   acc:0.8947368421052632   f1:0.8947368421052632   uf1:0.8565098498800157   uar:0.8660906726124118
[85, 6, 1]
[4, 21, 1]
[0, 2, 13]
samm-3c   acc:0.8947368421052632   f1:0.8947368421052632   uf1:0.8397585934735868   uar:0.847287253808993
[85, 5, 2]
[2, 23, 1]
[2, 2, 11]
smic-3c   acc:0.7987804878048781   f1:0.7987804878048782   uf1:0.802530941454596   uar:0.8011964475712766
[55, 8, 7]
[10, 41, 0]
[6, 2, 35]
smic-3c   acc:0.7926829268292683   f1:0.7926829268292683   uf1:0.790909090909091   uar:0.7870062753783684
[60, 3, 7]
[13, 34, 4]
[7, 0, 36]
smic-3c   acc:0.7987804878048781   f1:0.7987804878048782   uf1:0.7980815417533952   uar:0.7999804572991988
[55, 8, 7]
[6, 42, 3]
[7, 2, 34]
smic-3c   acc:0.8048780487804879   f1:0.8048780487804877   uf1:0.8030277890905069   uar:0.7964301999869715
[60, 5, 5]
[11, 39, 1]
[6, 4, 33]
smic-3c   acc:0.8292682926829268   f1:0.8292682926829268   uf1:0.8282949103463637   uar:0.822015938158209
[61, 6, 3]
[8, 41, 2]
[7, 2, 34]
smic-3c   acc:0.774390243902439   f1:0.7743902439024389   uf1:0.7739377319313029   uar:0.7566542896228259
[64, 3, 3]
[21, 30, 0]
[9, 1, 33]
smic-3c   acc:0.7804878048780488   f1:0.7804878048780488   uf1:0.7785197412298253   uar:0.7853364601654614
[57, 4, 9]
[18, 30, 3]
[2, 0, 41]
smic-3c   acc:0.8048780487804879   f1:0.8048780487804877   uf1:0.8036768947056291   uar:0.8041843093826678
[57, 6, 7]
[6, 40, 5]
[8, 0, 35]
smic-3c   acc:0.7987804878048781   f1:0.7987804878048782   uf1:0.7971814332068415   uar:0.796532256313378
[59, 6, 5]
[13, 35, 3]
[3, 3, 37]
smic-3c   acc:0.774390243902439   f1:0.7743902439024389   uf1:0.770682061293629   uar:0.7691724751916271
[59, 4, 7]
[16, 32, 3]
[4, 3, 36]
full-3c   acc:0.8984547461368654   f1:0.8984547461368654   uf1:0.8840579710144928   uar:0.8927174454164
[234, 13, 11]
[7, 98, 4]
[7, 4, 75]
full-3c   acc:0.9072847682119205   f1:0.9072847682119205   uf1:0.8916213763462956   uar:0.8934049261550863
[241, 10, 7]
[9, 94, 6]
[7, 3, 76]
full-3c   acc:0.9094922737306843   f1:0.9094922737306844   uf1:0.897301604598578   uar:0.898098760164047
[241, 9, 8]
[12, 93, 4]
[6, 2, 78]
full-3c   acc:0.8984547461368654   f1:0.8984547461368654   uf1:0.881122863725308   uar:0.8916388118436336
[236, 7, 15]
[10, 93, 6]
[3, 5, 78]
full-3c   acc:0.8962472406181016   f1:0.8962472406181016   uf1:0.8795141791404646   uar:0.8868145935566459
[237, 10, 11]
[10, 91, 8]
[6, 2, 78]
full-3c   acc:0.9006622516556292   f1:0.9006622516556292   uf1:0.8884170429033134   uar:0.9017613730649788
[232, 18, 8]
[6, 98, 5]
[4, 4, 78]
full-3c   acc:0.9028697571743929   f1:0.9028697571743929   uf1:0.8874528178433101   uar:0.8856529881705901
[241, 10, 7]
[11, 94, 4]
[8, 4, 74]
full-3c   acc:0.9006622516556292   f1:0.9006622516556292   uf1:0.8811067317965632   uar:0.8850484792451936
[241, 7, 10]
[10, 90, 9]
[6, 3, 77]
full-3c   acc:0.8940397350993378   f1:0.8940397350993377   uf1:0.8777075283924599   uar:0.8866012374653295
[234, 11, 13]
[7, 96, 6]
[8, 3, 75]
full-3c   acc:0.8940397350993378   f1:0.8940397350993377   uf1:0.8786441941715086   uar:0.8707062086622573
[243, 9, 6]
[18, 87, 4]
[8, 3, 75]



sim
casme¢ò-5c   acc:0.8313253012048193   f1:0.8313253012048193   uf1:0.8169815085605169   uar:0.8224597162097161
[59, 0, 4, 0, 0]
[3, 25, 2, 1, 1]
[10, 4, 79, 5, 1]
[1, 4, 3, 19, 0]
[0, 2, 0, 1, 25]
casme¢ò-5c   acc:0.8152610441767069   f1:0.8152610441767069   uf1:0.8049193086484421   uar:0.7878276815776816
[50, 0, 11, 1, 1]
[2, 25, 4, 0, 1]
[4, 5, 87, 3, 0]
[0, 1, 9, 16, 1]
[0, 0, 3, 0, 25]
casme¢ò-5c   acc:0.8192771084337349   f1:0.819277108433735   uf1:0.8214133210384451   uar:0.8324104136604136
[52, 3, 7, 1, 0]
[0, 27, 3, 1, 1]
[12, 6, 78, 3, 0]
[1, 2, 3, 20, 1]
[0, 0, 0, 1, 27]
casme¢ò-5c   acc:0.8353413654618473   f1:0.8353413654618473   uf1:0.8254810949426765   uar:0.8234577922077921
[59, 0, 4, 0, 0]
[2, 21, 6, 2, 1]
[9, 6, 81, 3, 0]
[1, 2, 3, 21, 0]
[0, 0, 1, 1, 26]
casme¢ò-5c   acc:0.8353413654618473   f1:0.8353413654618473   uf1:0.821998308995213   uar:0.8309012746512746
[55, 4, 4, 0, 0]
[2, 25, 1, 2, 2]
[9, 4, 82, 4, 0]
[1, 2, 2, 22, 0]
[0, 1, 1, 2, 24]
casme¢ò-5c   acc:0.8393574297188755   f1:0.8393574297188755   uf1:0.8355159718599031   uar:0.8358615921115922
[56, 1, 6, 0, 0]
[1, 23, 4, 1, 3]
[9, 5, 82, 3, 0]
[0, 1, 4, 22, 0]
[0, 1, 1, 0, 26]
casme¢ò-5c   acc:0.7951807228915663   f1:0.7951807228915663   uf1:0.7692572622605665   uar:0.7773478835978835
[57, 0, 5, 1, 0]
[0, 23, 4, 4, 1]
[10, 5, 77, 6, 1]
[1, 5, 4, 16, 1]
[0, 2, 0, 1, 25]
casme¢ò-5c   acc:0.8353413654618473   f1:0.8353413654618473   uf1:0.817864007106517   uar:0.8207671957671959
[51, 1, 10, 1, 0]
[1, 20, 5, 4, 2]
[3, 3, 88, 5, 0]
[2, 2, 0, 23, 0]
[0, 0, 1, 1, 26]
casme¢ò-5c   acc:0.8152610441767069   f1:0.8152610441767069   uf1:0.803685106080926   uar:0.8089856902356903
[47, 4, 9, 1, 2]
[1, 27, 2, 1, 1]
[5, 7, 85, 1, 1]
[2, 5, 1, 19, 0]
[0, 1, 2, 0, 25]
casme¢ò-5c   acc:0.8032128514056225   f1:0.8032128514056225   uf1:0.7862839429649983   uar:0.7711249398749398
[51, 3, 8, 1, 0]
[2, 21, 6, 2, 1]
[11, 0, 86, 2, 0]
[1, 2, 7, 16, 1]
[1, 0, 0, 1, 26]
casme¢ò-5c   acc:0.8393574297188755   f1:0.8393574297188755   uf1:0.8276898063242344   uar:0.8411135161135161
[56, 5, 1, 0, 1]
[0, 28, 0, 1, 3]
[8, 10, 80, 1, 0]
[0, 3, 3, 20, 1]
[0, 0, 3, 0, 25]
casme¢ò-5c   acc:0.8273092369477911   f1:0.8273092369477912   uf1:0.8154214276602337   uar:0.8190295815295816
[55, 2, 6, 0, 0]
[1, 22, 4, 3, 2]
[7, 7, 82, 3, 0]
[0, 4, 2, 21, 0]
[0, 0, 2, 0, 26]
casme¢ò-5c   acc:0.7951807228915663   f1:0.7951807228915663   uf1:0.7805775839148381   uar:0.7803000240500241
[52, 2, 8, 1, 0]
[2, 25, 3, 1, 1]
[6, 5, 80, 8, 0]
[0, 2, 7, 17, 1]
[0, 1, 2, 1, 24]
casme¢ò-5c   acc:0.8313253012048193   f1:0.8313253012048193   uf1:0.8267270635605406   uar:0.8433531746031745
[56, 2, 5, 0, 0]
[0, 27, 2, 1, 2]
[12, 4, 77, 6, 0]
[2, 4, 0, 21, 0]
[0, 1, 0, 1, 26]
casme¢ò-5c   acc:0.8152610441767069   f1:0.8152610441767069   uf1:0.797631448955474   uar:0.8081048581048579
[57, 1, 5, 0, 0]
[3, 24, 2, 2, 1]
[10, 3, 78, 5, 3]
[0, 6, 1, 20, 0]
[1, 0, 1, 2, 24]
casme¢ò-5c   acc:0.8192771084337349   f1:0.819277108433735   uf1:0.8159164717785407   uar:0.8072961760461761
[52, 0, 8, 3, 0]
[1, 21, 8, 2, 0]
[9, 4, 84, 2, 0]
[1, 2, 3, 21, 0]
[0, 1, 1, 0, 26]
casme¢ò-5c   acc:0.8273092369477911   f1:0.8273092369477912   uf1:0.8082039643892449   uar:0.8154401154401155
[49, 1, 10, 3, 0]
[0, 24, 3, 2, 3]
[2, 6, 87, 4, 0]
[2, 4, 0, 21, 0]
[1, 0, 1, 1, 25]
casme¢ò-5c   acc:0.8232931726907631   f1:0.8232931726907632   uf1:0.8185483617126618   uar:0.832010582010582
[56, 2, 5, 0, 0]
[3, 24, 3, 1, 1]
[9, 6, 77, 5, 2]
[1, 1, 2, 22, 1]
[0, 0, 1, 1, 26]
casme¢ò-5c   acc:0.8232931726907631   f1:0.8232931726907632   uf1:0.8029915382058951   uar:0.7972733285233284
[58, 1, 4, 0, 0]
[5, 19, 6, 1, 1]
[9, 4, 83, 3, 0]
[1, 3, 3, 20, 0]
[0, 0, 0, 3, 25]
casme¢ò-5c   acc:0.8393574297188755   f1:0.8393574297188755   uf1:0.8505677211595627   uar:0.854443241943242
[52, 2, 8, 0, 1]
[0, 26, 4, 1, 1]
[12, 4, 81, 2, 0]
[0, 2, 2, 23, 0]
[0, 0, 1, 0, 27]
casme¢ò-5c   acc:0.8273092369477911   f1:0.8273092369477912   uf1:0.8061096542346542   uar:0.8026034151034152
[55, 0, 7, 1, 0]
[3, 22, 5, 2, 0]
[6, 4, 85, 4, 0]
[1, 7, 2, 17, 0]
[0, 0, 0, 1, 27]
casme¢ò-5c   acc:0.8594377510040161   f1:0.8594377510040161   uf1:0.8610741639313069   uar:0.8532617845117846
[57, 1, 5, 0, 0]
[0, 27, 4, 1, 0]
[9, 4, 84, 1, 1]
[1, 2, 4, 20, 0]
[0, 0, 2, 0, 26]
casme¢ò-5c   acc:0.8353413654618473   f1:0.8353413654618473   uf1:0.8212364371262444   uar:0.8274110149110149
[49, 1, 8, 1, 4]
[1, 26, 3, 1, 1]
[6, 2, 87, 4, 0]
[0, 4, 4, 19, 0]
[0, 0, 0, 1, 27]
casme¢ò-5c   acc:0.8353413654618473   f1:0.8353413654618473   uf1:0.8349780976948828   uar:0.8280663780663782
[52, 1, 9, 1, 0]
[1, 24, 6, 0, 1]
[9, 1, 85, 3, 1]
[1, 2, 3, 21, 0]
[0, 1, 0, 1, 26]
casme¢ò-5c   acc:0.8313253012048193   f1:0.8313253012048193   uf1:0.8210083837454896   uar:0.8260491822991824
[51, 1, 9, 1, 1]
[0, 23, 3, 4, 2]
[6, 3, 85, 4, 1]
[0, 2, 3, 22, 0]
[0, 0, 2, 0, 26]
casme¢ò-5c   acc:0.8353413654618473   f1:0.8353413654618473   uf1:0.8242081935768109   uar:0.8307629870129869
[58, 3, 2, 0, 0]
[1, 23, 3, 4, 1]
[11, 4, 80, 2, 2]
[1, 2, 3, 21, 0]
[0, 0, 2, 0, 26]
casme¢ò-5c   acc:0.8393574297188755   f1:0.8393574297188755   uf1:0.8201761777997307   uar:0.8140542328042327
[54, 0, 7, 1, 1]
[2, 21, 7, 1, 1]
[5, 4, 88, 2, 0]
[1, 5, 2, 19, 0]
[0, 0, 0, 1, 27]
casme¢ò-5c   acc:0.8072289156626506   f1:0.8072289156626506   uf1:0.7718045970245463   uar:0.7750541125541126
[53, 2, 7, 1, 0]
[0, 26, 4, 1, 1]
[6, 5, 84, 4, 0]
[1, 9, 4, 12, 1]
[0, 0, 1, 1, 26]
casme¢ò-5c   acc:0.8232931726907631   f1:0.8232931726907632   uf1:0.8080231369383911   uar:0.8085497835497835
[55, 0, 7, 1, 0]
[0, 20, 7, 3, 2]
[7, 4, 83, 2, 3]
[1, 3, 2, 21, 0]
[0, 0, 2, 0, 26]
casme¢ò-5c   acc:0.8232931726907631   f1:0.8232931726907632   uf1:0.7958220353134728   uar:0.8021103896103897
[51, 3, 8, 0, 1]
[0, 26, 4, 1, 1]
[7, 2, 86, 3, 1]
[2, 7, 1, 15, 2]
[0, 0, 0, 1, 27]
casme¢ò-3c   acc:0.9166666666666666   f1:0.9166666666666666   uf1:0.8989162281902329   uar:0.8864087301587302
[92, 2, 2]
[4, 27, 1]
[4, 0, 24]
casme¢ò-3c   acc:0.9294871794871795   f1:0.9294871794871795   uf1:0.9147392290249433   uar:0.9032738095238096
[93, 2, 1]
[5, 26, 1]
[2, 0, 26]
casme¢ò-3c   acc:0.9038461538461539   f1:0.9038461538461539   uf1:0.8966817391433238   uar:0.9087301587301587
[86, 10, 0]
[2, 30, 0]
[2, 1, 25]
casme¢ò-3c   acc:0.9230769230769231   f1:0.9230769230769231   uf1:0.905133436606592   uar:0.8859126984126983
[94, 1, 1]
[7, 24, 1]
[2, 0, 26]
casme¢ò-3c   acc:0.9294871794871795   f1:0.9294871794871795   uf1:0.9116255329370083   uar:0.9032738095238096
[93, 3, 0]
[4, 26, 2]
[2, 0, 26]
casme¢ò-3c   acc:0.9294871794871795   f1:0.9294871794871795   uf1:0.9138089371936702   uar:0.9017857142857143
[93, 0, 3]
[4, 27, 1]
[3, 0, 25]
casme¢ò-3c   acc:0.9358974358974359   f1:0.9358974358974359   uf1:0.9226270805218174   uar:0.9151785714285715
[93, 2, 1]
[5, 26, 1]
[1, 0, 27]
casme¢ò-3c   acc:0.9038461538461539   f1:0.9038461538461539   uf1:0.876143560872625   uar:0.8685515873015873
[92, 2, 2]
[7, 23, 2]
[1, 1, 26]
casme¢ò-3c   acc:0.9102564102564102   f1:0.9102564102564102   uf1:0.8990916187637499   uar:0.8874007936507936
[91, 5, 0]
[8, 24, 0]
[1, 0, 27]
casme¢ò-3c   acc:0.9358974358974359   f1:0.9358974358974359   uf1:0.9225544946856422   uar:0.9136904761904763
[93, 2, 1]
[4, 27, 1]
[2, 0, 26]
casme¢ò-3c   acc:0.9230769230769231   f1:0.9230769230769231   uf1:0.906640004101933   uar:0.8913690476190476
[93, 2, 1]
[5, 26, 1]
[3, 0, 25]
casme¢ò-3c   acc:0.9294871794871795   f1:0.9294871794871795   uf1:0.912989544568492   uar:0.896329365079365
[94, 0, 2]
[6, 25, 1]
[2, 0, 26]
casme¢ò-3c   acc:0.9230769230769231   f1:0.9230769230769231   uf1:0.9061251705362521   uar:0.8913690476190476
[93, 1, 2]
[5, 26, 1]
[3, 0, 25]
casme¢ò-3c   acc:0.9230769230769231   f1:0.9230769230769231   uf1:0.9056835540385365   uar:0.8829365079365079
[94, 1, 1]
[6, 26, 0]
[3, 1, 24]
casme¢ò-3c   acc:0.9294871794871795   f1:0.9294871794871795   uf1:0.920447114778422   uar:0.9186507936507936
[91, 3, 2]
[5, 27, 0]
[1, 0, 27]
casme¢ò-3c   acc:0.9423076923076923   f1:0.9423076923076923   uf1:0.9322463210788084   uar:0.9156746031746031
[94, 0, 2]
[4, 28, 0]
[3, 0, 25]
casme¢ò-3c   acc:0.9294871794871795   f1:0.9294871794871795   uf1:0.9109311740890688   uar:0.9032738095238096
[93, 1, 2]
[5, 26, 1]
[1, 1, 26]
casme¢ò-3c   acc:0.9294871794871795   f1:0.9294871794871795   uf1:0.9191356912668388   uar:0.910218253968254
[92, 2, 2]
[5, 27, 0]
[2, 0, 26]
casme¢ò-3c   acc:0.9294871794871795   f1:0.9294871794871795   uf1:0.9191965641234424   uar:0.9171626984126983
[91, 1, 4]
[4, 28, 0]
[2, 0, 26]
casme¢ò-3c   acc:0.9294871794871795   f1:0.9294871794871795   uf1:0.9142054085981702   uar:0.9032738095238096
[93, 1, 2]
[5, 26, 1]
[2, 0, 26]
casme¢ò-3c   acc:0.9102564102564102   f1:0.9102564102564102   uf1:0.8873480568395823   uar:0.8705357142857143
[93, 2, 1]
[7, 24, 1]
[2, 1, 25]
casme¢ò-3c   acc:0.9038461538461539   f1:0.9038461538461539   uf1:0.8826322414449225   uar:0.8839285714285715
[90, 4, 2]
[6, 24, 2]
[1, 0, 27]
casme¢ò-3c   acc:0.9166666666666666   f1:0.9166666666666666   uf1:0.9062401951728729   uar:0.9047619047619048
[90, 4, 2]
[6, 26, 0]
[1, 0, 27]
casme¢ò-3c   acc:0.9038461538461539   f1:0.9038461538461539   uf1:0.8872264837177118   uar:0.896329365079365
[88, 6, 2]
[4, 27, 1]
[1, 1, 26]
casme¢ò-3c   acc:0.9038461538461539   f1:0.9038461538461539   uf1:0.8936022093090156   uar:0.896329365079365
[88, 6, 2]
[5, 27, 0]
[2, 0, 26]
casme¢ò-3c   acc:0.9358974358974359   f1:0.9358974358974359   uf1:0.923901346211928   uar:0.9221230158730159
[92, 3, 1]
[4, 27, 1]
[1, 0, 27]
casme¢ò-3c   acc:0.9423076923076923   f1:0.9423076923076923   uf1:0.9337381916329285   uar:0.9255952380952381
[93, 1, 2]
[5, 27, 0]
[1, 0, 27]
casme¢ò-3c   acc:0.9230769230769231   f1:0.9230769230769231   uf1:0.9020144952348342   uar:0.8844246031746031
[94, 2, 0]
[5, 25, 2]
[3, 0, 25]
casme¢ò-3c   acc:0.9166666666666666   f1:0.9166666666666666   uf1:0.8994331065759638   uar:0.8878968253968255
[92, 1, 3]
[6, 26, 0]
[2, 1, 25]
casme¢ò-3c   acc:0.8974358974358975   f1:0.8974358974358975   uf1:0.8710252406973719   uar:0.8635912698412698
[91, 3, 2]
[7, 24, 1]
[1, 2, 25]
full-3c   acc:0.8874172185430463   f1:0.8874172185430463   uf1:0.8731701108911324   uar:0.8791930398501767
[233, 15, 10]
[11, 94, 4]
[7, 4, 75]
full-3c   acc:0.8940397350993378   f1:0.8940397350993377   uf1:0.8785740758501298   uar:0.8792760116634663
[240, 5, 13]
[17, 86, 6]
[6, 1, 79]
full-3c   acc:0.8984547461368654   f1:0.8984547461368654   uf1:0.881384943977373   uar:0.8716544579569968
[245, 6, 7]
[15, 89, 5]
[11, 2, 73]
full-3c   acc:0.8984547461368654   f1:0.8984547461368654   uf1:0.8871458065713865   uar:0.8908209468269209
[236, 12, 10]
[12, 94, 3]
[7, 2, 77]
full-3c   acc:0.891832229580574   f1:0.891832229580574   uf1:0.8764419632849069   uar:0.8825948841950547
[235, 10, 13]
[11, 93, 5]
[7, 3, 76]
full-3c   acc:0.8830022075055187   f1:0.8830022075055186   uf1:0.8676219812039516   uar:0.8800109048668895
[230, 12, 16]
[11, 93, 5]
[5, 4, 77]
full-3c   acc:0.9006622516556292   f1:0.9006622516556292   uf1:0.8848096222640093   uar:0.8850484792451936
[241, 7, 10]
[13, 90, 6]
[7, 2, 77]
full-3c   acc:0.8962472406181016   f1:0.8962472406181016   uf1:0.8793835242013909   uar:0.8808287698836024
[239, 11, 8]
[12, 92, 5]
[6, 5, 75]
full-3c   acc:0.9050772626931567   f1:0.9050772626931568   uf1:0.8912965201473493   uar:0.8990470094587867
[237, 8, 13]
[8, 95, 6]
[7, 1, 78]
full-3c   acc:0.891832229580574   f1:0.891832229580574   uf1:0.87548797068187   uar:0.8825948841950547
[235, 10, 13]
[10, 93, 6]
[7, 3, 76]
full-3c   acc:0.8896247240618101   f1:0.8896247240618101   uf1:0.8751670676289761   uar:0.8760045515966147
[237, 14, 7]
[14, 90, 5]
[7, 3, 76]
full-3c   acc:0.8940397350993378   f1:0.8940397350993377   uf1:0.8734113523792324   uar:0.8663561150226394
[245, 7, 6]
[16, 86, 7]
[8, 4, 74]
full-3c   acc:0.8763796909492274   f1:0.8763796909492275   uf1:0.858000092860173   uar:0.8639025199725007
[233, 12, 13]
[15, 89, 5]
[5, 6, 75]
full-3c   acc:0.8852097130242825   f1:0.8852097130242825   uf1:0.8712675132908596   uar:0.8760045515966147
[234, 10, 14]
[14, 90, 5]
[8, 1, 77]
full-3c   acc:0.9006622516556292   f1:0.9006622516556292   uf1:0.8848418241676668   uar:0.8858663442619065
[241, 9, 8]
[14, 89, 6]
[5, 3, 78]
full-3c   acc:0.8962472406181016   f1:0.8962472406181016   uf1:0.876962481962482   uar:0.8694142189981746
[245, 5, 8]
[15, 87, 7]
[10, 2, 74]
