cbam

casme¢ò-5c   acc:0.8273092369477911   f1:0.8273092369477912   uf1:0.8108536199190841   uar:0.8027747715247715
[53, 2, 7, 1, 0]
[0, 21, 5, 6, 0]
[9, 0, 87, 3, 0]
[0, 3, 1, 23, 0]
[2, 0, 3, 1, 22]
casme¢ò-5c   acc:0.7991967871485943   f1:0.7991967871485943   uf1:0.7643925235516076   uar:0.7837000962000962
[54, 2, 7, 0, 0]
[0, 30, 1, 1, 0]
[10, 4, 78, 5, 2]
[1, 13, 1, 11, 1]
[0, 1, 1, 0, 26]
casme¢ò-5c   acc:0.8554216867469879   f1:0.8554216867469879   uf1:0.8548991740341828   uar:0.8571368446368446
[52, 0, 9, 1, 1]
[0, 26, 5, 0, 1]
[3, 5, 86, 4, 1]
[0, 2, 3, 22, 0]
[0, 0, 1, 0, 27]
casme¢ò-5c   acc:0.8273092369477911   f1:0.8273092369477912   uf1:0.8302742010600254   uar:0.8376172438672438
[49, 3, 9, 2, 0]
[1, 23, 5, 3, 0]
[7, 6, 83, 3, 0]
[1, 1, 1, 24, 0]
[0, 0, 1, 0, 27]
casme¢ò-5c   acc:0.8433734939759037   f1:0.8433734939759037   uf1:0.8291156190323742   uar:0.8236381673881674
[55, 0, 7, 1, 0]
[0, 25, 5, 2, 0]
[3, 7, 86, 3, 0]
[2, 2, 5, 18, 0]
[0, 0, 0, 2, 26]
casme¢ò-5c   acc:0.8112449799196787   f1:0.8112449799196787   uf1:0.8016666103622626   uar:0.7954304954304954
[48, 2, 11, 2, 0]
[2, 24, 4, 1, 1]
[3, 5, 86, 5, 0]
[1, 3, 4, 19, 0]
[0, 0, 3, 0, 25]
casme¢ò-5c   acc:0.8273092369477911   f1:0.8273092369477912   uf1:0.7967549697400444   uar:0.7887896825396825
[56, 0, 7, 0, 0]
[7, 17, 4, 3, 1]
[4, 4, 88, 3, 0]
[2, 2, 1, 21, 1]
[0, 1, 2, 1, 24]
casme¢ò-5c   acc:0.8112449799196787   f1:0.8112449799196787   uf1:0.801038436271242   uar:0.8035082972582972
[56, 0, 7, 0, 0]
[3, 25, 2, 2, 0]
[5, 3, 78, 13, 0]
[1, 3, 5, 18, 0]
[0, 0, 1, 2, 25]
casme¢ò-5c   acc:0.8192771084337349   f1:0.819277108433735   uf1:0.8049675157916457   uar:0.8158910533910534
[52, 2, 9, 0, 0]
[1, 18, 7, 3, 3]
[6, 3, 83, 5, 2]
[1, 2, 0, 24, 0]
[0, 0, 1, 0, 27]
casme¢ò-5c   acc:0.8232931726907631   f1:0.8232931726907632   uf1:0.8127077184866129   uar:0.8113576238576238
[55, 1, 7, 0, 0]
[3, 22, 4, 3, 0]
[4, 7, 82, 5, 1]
[1, 1, 6, 19, 0]
[0, 0, 1, 0, 27]
casme¢ò-3c   acc:0.9294871794871795   f1:0.9294871794871795   uf1:0.9133139302630827   uar:0.8948412698412698
[94, 1, 1]
[5, 26, 1]
[3, 0, 25]
casme¢ò-3c   acc:0.9102564102564102   f1:0.9102564102564102   uf1:0.8983720525123916   uar:0.8928571428571429
[90, 4, 2]
[6, 26, 0]
[2, 0, 26]
casme¢ò-3c   acc:0.9230769230769231   f1:0.9230769230769231   uf1:0.9052944975662008   uar:0.8844246031746031
[94, 1, 1]
[6, 25, 1]
[3, 0, 25]
casme¢ò-3c   acc:0.9230769230769231   f1:0.9230769230769231   uf1:0.9012791451859874   uar:0.9052579365079364
[91, 1, 4]
[3, 28, 1]
[1, 2, 25]
casme¢ò-3c   acc:0.9166666666666666   f1:0.9166666666666666   uf1:0.8969108180248075   uar:0.8933531746031745
[91, 2, 3]
[4, 28, 0]
[2, 2, 24]
casme¢ò-3c   acc:0.9294871794871795   f1:0.9294871794871795   uf1:0.9174837146223793   uar:0.9310515873015873
[89, 3, 4]
[2, 30, 0]
[1, 1, 26]
casme¢ò-3c   acc:0.9358974358974359   f1:0.9358974358974359   uf1:0.9280579922027291   uar:0.9290674603174603
[91, 3, 2]
[4, 28, 0]
[1, 0, 27]
casme¢ò-3c   acc:0.9038461538461539   f1:0.9038461538461539   uf1:0.8751794108930739   uar:0.8764880952380952
[90, 4, 2]
[2, 29, 1]
[3, 3, 22]
casme¢ò-3c   acc:0.9294871794871795   f1:0.9294871794871795   uf1:0.9187612162231451   uar:0.9032738095238096
[93, 2, 1]
[6, 26, 0]
[2, 0, 26]
casme¢ò-3c   acc:0.9358974358974359   f1:0.9358974358974359   uf1:0.9212322695035461   uar:0.9360119047619048
[90, 2, 4]
[2, 29, 1]
[0, 1, 27]
samm-5c   acc:0.7941176470588235   f1:0.7941176470588235   uf1:0.7092740112994351   uar:0.6817004048582996
[55, 0, 2, 0, 0]
[3, 4, 4, 1, 0]
[2, 0, 22, 2, 0]
[1, 0, 5, 19, 1]
[0, 0, 5, 2, 8]
samm-5c   acc:0.7941176470588235   f1:0.7941176470588235   uf1:0.7633702901536034   uar:0.7479217273954116
[51, 1, 4, 1, 0]
[1, 7, 3, 1, 0]
[4, 1, 17, 4, 0]
[0, 1, 4, 21, 0]
[0, 0, 3, 0, 12]
samm-5c   acc:0.7794117647058824   f1:0.7794117647058824   uf1:0.7244067482387837   uar:0.707246963562753
[53, 0, 1, 3, 0]
[0, 7, 4, 1, 0]
[2, 0, 22, 1, 1]
[2, 0, 5, 15, 4]
[0, 0, 4, 2, 9]
samm-5c   acc:0.7279411764705882   f1:0.7279411764705882   uf1:0.6924030906039901   uar:0.6874763832658569
[47, 2, 5, 2, 1]
[0, 8, 3, 1, 0]
[5, 1, 19, 0, 1]
[2, 0, 5, 16, 3]
[0, 0, 5, 1, 9]
samm-5c   acc:0.7941176470588235   f1:0.7941176470588235   uf1:0.7270955165692008   uar:0.7097165991902834
[51, 0, 6, 0, 0]
[1, 4, 6, 1, 0]
[2, 0, 21, 1, 2]
[2, 0, 2, 22, 0]
[1, 1, 2, 1, 10]
samm-5c   acc:0.7794117647058824   f1:0.7794117647058824   uf1:0.7457572277326173   uar:0.7279217273954116
[51, 1, 4, 1, 0]
[0, 9, 1, 2, 0]
[5, 0, 19, 2, 0]
[1, 0, 4, 19, 2]
[1, 0, 3, 3, 8]
samm-5c   acc:0.7720588235294118   f1:0.7720588235294118   uf1:0.7208975255819575   uar:0.7225371120107962
[51, 1, 3, 2, 0]
[0, 8, 2, 2, 0]
[1, 1, 17, 5, 2]
[1, 0, 2, 19, 4]
[1, 1, 2, 1, 10]
samm-5c   acc:0.8161764705882353   f1:0.8161764705882353   uf1:0.7533029308353985   uar:0.7275168690958165
[56, 0, 1, 0, 0]
[2, 7, 2, 1, 0]
[3, 0, 21, 2, 0]
[1, 0, 3, 19, 3]
[2, 1, 3, 1, 8]
samm-5c   acc:0.75   f1:0.75   uf1:0.7148294328622196   uar:0.6967341430499326
[53, 0, 4, 0, 0]
[0, 8, 2, 1, 1]
[7, 1, 12, 6, 0]
[5, 1, 1, 18, 1]
[0, 0, 3, 1, 11]
samm-5c   acc:0.7794117647058824   f1:0.7794117647058824   uf1:0.7375356125356125   uar:0.7329554655870445
[49, 1, 3, 3, 1]
[2, 8, 1, 1, 0]
[2, 1, 19, 3, 1]
[1, 1, 3, 21, 0]
[1, 1, 2, 2, 9]
samm-3c   acc:0.8947368421052632   f1:0.8947368421052632   uf1:0.838294314381271   uar:0.838294314381271
[87, 5, 0]
[3, 20, 3]
[2, 1, 12]
samm-3c   acc:0.849624060150376   f1:0.849624060150376   uf1:0.772972972972973   uar:0.770364176885916
[85, 6, 1]
[6, 17, 3]
[2, 2, 11]
samm-3c   acc:0.8721804511278195   f1:0.8721804511278195   uf1:0.8027492221040609   uar:0.7902266815310294
[86, 4, 2]
[5, 20, 1]
[3, 2, 10]
samm-3c   acc:0.8796992481203008   f1:0.8796992481203008   uf1:0.8346179063160194   uar:0.821850613154961
[86, 6, 0]
[6, 19, 1]
[1, 2, 12]
samm-3c   acc:0.8646616541353384   f1:0.8646616541353384   uf1:0.7899974804736708   uar:0.7684132292827944
[88, 4, 0]
[8, 16, 2]
[1, 3, 11]
samm-3c   acc:0.9022556390977443   f1:0.9022556390977443   uf1:0.8392214495662772   uar:0.8325157933853586
[88, 3, 1]
[3, 21, 2]
[2, 2, 11]
samm-3c   acc:0.8721804511278195   f1:0.8721804511278195   uf1:0.812802261970619   uar:0.7996283909327387
[86, 4, 2]
[6, 19, 1]
[3, 1, 11]
samm-3c   acc:0.8796992481203008   f1:0.8796992481203008   uf1:0.7976956714692355   uar:0.7570605722779636
[91, 1, 0]
[9, 16, 1]
[1, 4, 10]
samm-3c   acc:0.8796992481203008   f1:0.8796992481203008   uf1:0.8232600732600731   uar:0.8216462281679674
[85, 7, 0]
[3, 21, 2]
[2, 2, 11]
samm-3c   acc:0.8872180451127819   f1:0.8872180451127819   uf1:0.8249113629758792   uar:0.8254738015607582
[87, 4, 1]
[4, 19, 3]
[2, 1, 12]
smic-3c   acc:0.7682926829268293   f1:0.7682926829268293   uf1:0.76232868379432   uar:0.7518923848609211
[63, 4, 3]
[18, 30, 3]
[8, 2, 33]
smic-3c   acc:0.7682926829268293   f1:0.7682926829268293   uf1:0.7624304042604696   uar:0.7501183419104076
[64, 2, 4]
[21, 29, 1]
[7, 3, 33]
smic-3c   acc:0.7621951219512195   f1:0.7621951219512195   uf1:0.7547571726315688   uar:0.7375024428376001
[64, 3, 3]
[18, 33, 0]
[10, 5, 28]
smic-3c   acc:0.8048780487804879   f1:0.8048780487804877   uf1:0.8036965002784296   uar:0.80296831911059
[57, 7, 6]
[7, 41, 3]
[7, 2, 34]
smic-3c   acc:0.774390243902439   f1:0.7743902439024389   uf1:0.7729918612880398   uar:0.7565544047076195
[62, 6, 2]
[16, 35, 0]
[9, 4, 30]
smic-3c   acc:0.7560975609756098   f1:0.7560975609756099   uf1:0.7500685258781755   uar:0.7417106377434695
[60, 3, 7]
[14, 33, 4]
[10, 2, 31]
smic-3c   acc:0.75   f1:0.75   uf1:0.7457330592039906   uar:0.7452608950556967
[55, 7, 8]
[12, 36, 3]
[4, 7, 32]
smic-3c   acc:0.7865853658536586   f1:0.7865853658536586   uf1:0.7735549565738244   uar:0.7673940894187132
[66, 0, 4]
[18, 29, 4]
[5, 4, 34]
smic-3c   acc:0.774390243902439   f1:0.7743902439024389   uf1:0.7701010032576233   uar:0.76375046142488
[60, 4, 6]
[14, 34, 3]
[7, 3, 33]
smic-3c   acc:0.774390243902439   f1:0.7743902439024389   uf1:0.7750523134154849   uar:0.7773847523505526
[53, 10, 7]
[7, 40, 4]
[8, 1, 34]
full-3c   acc:0.8962472406181016   f1:0.8962472406181016   uf1:0.8833320042685076   uar:0.8870753621126996
[235, 17, 6]
[9, 97, 3]
[7, 5, 74]
full-3c   acc:0.9028697571743929   f1:0.9028697571743929   uf1:0.8923994987810113   uar:0.8864708531873028
[241, 10, 7]
[14, 93, 2]
[10, 1, 75]
full-3c   acc:0.8896247240618101   f1:0.8896247240618101   uf1:0.8740364599210877   uar:0.8734205722684494
[238, 11, 9]
[15, 90, 4]
[7, 4, 75]
full-3c   acc:0.891832229580574   f1:0.891832229580574   uf1:0.8718614780387041   uar:0.8756608112272716
[238, 13, 7]
[9, 92, 8]
[7, 5, 74]
full-3c   acc:0.8741721854304636   f1:0.8741721854304636   uf1:0.8579885212088602   uar:0.8679088732427754
[229, 19, 10]
[11, 92, 6]
[6, 5, 75]
full-3c   acc:0.8807947019867549   f1:0.8807947019867549   uf1:0.8601495399004103   uar:0.8543844676765522
[240, 12, 6]
[15, 88, 6]
[10, 5, 71]
full-3c   acc:0.8874172185430463   f1:0.8874172185430463   uf1:0.8732612797908113   uar:0.8737643126377925
[237, 10, 11]
[16, 88, 5]
[8, 1, 77]
full-3c   acc:0.8962472406181016   f1:0.8962472406181016   uf1:0.8811886304909561   uar:0.8824644999170282
[239, 13, 6]
[13, 90, 6]
[6, 3, 77]
full-3c   acc:0.8940397350993378   f1:0.8940397350993377   uf1:0.8761801958079548   uar:0.8716544579569968
[242, 9, 7]
[14, 89, 6]
[9, 3, 74]
full-3c   acc:0.8763796909492274   f1:0.8763796909492275   uf1:0.8602174780995325   uar:0.8753170708579286
[227, 21, 10]
[7, 94, 8]
[6, 4, 76]


se

casme¢ò-5c   acc:0.8232931726907631   f1:0.8232931726907632   uf1:0.8240385547532589   uar:0.8339345839345841
[53, 0, 10, 0, 0]
[1, 24, 4, 2, 1]
[8, 6, 79, 4, 2]
[0, 3, 1, 23, 0]
[0, 0, 1, 1, 26]
casme¢ò-5c   acc:0.8072289156626506   f1:0.8072289156626506   uf1:0.7883736178500577   uar:0.792502405002405
[55, 1, 5, 1, 1]
[3, 22, 4, 3, 0]
[10, 4, 80, 5, 0]
[1, 6, 3, 17, 0]
[0, 0, 0, 1, 27]
casme¢ò-5c   acc:0.7991967871485943   f1:0.7991967871485943   uf1:0.7783927448889086   uar:0.7805284992784992
[56, 2, 4, 1, 0]
[6, 21, 3, 1, 1]
[9, 3, 79, 8, 0]
[4, 4, 1, 18, 0]
[0, 1, 1, 1, 25]
casme¢ò-5c   acc:0.8192771084337349   f1:0.819277108433735   uf1:0.8004074296119406   uar:0.803054353054353
[56, 1, 4, 1, 1]
[1, 24, 5, 2, 0]
[9, 5, 81, 3, 1]
[1, 6, 3, 17, 0]
[0, 0, 1, 1, 26]
casme¢ò-5c   acc:0.7630522088353414   f1:0.7630522088353414   uf1:0.7406395039386842   uar:0.7482142857142857
[49, 7, 7, 0, 0]
[0, 26, 4, 1, 1]
[10, 7, 77, 5, 0]
[0, 11, 4, 12, 0]
[0, 1, 1, 0, 26]
casme¢ò-5c   acc:0.8152610441767069   f1:0.8152610441767069   uf1:0.7878345274380986   uar:0.7938642376142376
[55, 3, 3, 1, 1]
[0, 25, 4, 1, 2]
[7, 4, 82, 5, 1]
[2, 4, 4, 17, 0]
[0, 1, 1, 2, 24]
casme¢ò-5c   acc:0.7911646586345381   f1:0.791164658634538   uf1:0.7752798780293959   uar:0.7866071428571428
[53, 0, 7, 2, 1]
[4, 23, 0, 4, 1]
[7, 6, 77, 9, 0]
[3, 3, 3, 18, 0]
[0, 0, 1, 1, 26]
casme¢ò-5c   acc:0.8433734939759037   f1:0.8433734939759037   uf1:0.820978774849058   uar:0.8196699134199135
[56, 1, 5, 1, 0]
[2, 25, 2, 1, 2]
[6, 3, 86, 3, 1]
[2, 5, 2, 18, 0]
[0, 1, 2, 0, 25]
casme¢ò-5c   acc:0.8192771084337349   f1:0.819277108433735   uf1:0.786254241292341   uar:0.7855068542568542
[56, 0, 5, 2, 0]
[1, 21, 3, 7, 0]
[4, 4, 85, 5, 1]
[1, 6, 2, 18, 0]
[0, 0, 3, 1, 24]
casme¢ò-5c   acc:0.7831325301204819   f1:0.783132530120482   uf1:0.7471625682747904   uar:0.7499819624819626
[52, 1, 8, 2, 0]
[4, 22, 3, 1, 2]
[7, 5, 82, 5, 0]
[2, 10, 3, 12, 0]
[0, 0, 1, 0, 27]
casme¢ò-3c   acc:0.9038461538461539   f1:0.9038461538461539   uf1:0.8748717948717949   uar:0.8501984126984127
[94, 1, 1]
[8, 24, 0]
[2, 3, 23]
casme¢ò-3c   acc:0.9294871794871795   f1:0.9294871794871795   uf1:0.9138089371936702   uar:0.9047619047619048
[93, 0, 3]
[6, 25, 1]
[1, 0, 27]
casme¢ò-3c   acc:0.9294871794871795   f1:0.9294871794871795   uf1:0.912989544568492   uar:0.896329365079365
[94, 0, 2]
[6, 25, 1]
[2, 0, 26]
casme¢ò-3c   acc:0.8974358974358975   f1:0.8974358974358975   uf1:0.8903189211644778   uar:0.9151785714285715
[84, 10, 2]
[3, 29, 0]
[0, 1, 27]
casme¢ò-3c   acc:0.9102564102564102   f1:0.9102564102564102   uf1:0.8912223591753315   uar:0.8690476190476191
[93, 2, 1]
[7, 25, 0]
[3, 1, 24]
casme¢ò-3c   acc:0.9166666666666666   f1:0.9166666666666666   uf1:0.9009613493482452   uar:0.896329365079365
[91, 3, 2]
[5, 26, 1]
[2, 0, 26]
casme¢ò-3c   acc:0.9102564102564102   f1:0.9102564102564102   uf1:0.885982905982906   uar:0.8606150793650794
[94, 1, 1]
[7, 25, 0]
[3, 2, 23]
casme¢ò-3c   acc:0.9102564102564102   f1:0.9102564102564102   uf1:0.8828244349311726   uar:0.8675595238095237
[93, 1, 2]
[5, 26, 1]
[3, 2, 23]
casme¢ò-3c   acc:0.9166666666666666   f1:0.9166666666666666   uf1:0.8970653907496012   uar:0.8740079365079364
[94, 1, 1]
[7, 24, 1]
[3, 0, 25]
casme¢ò-3c   acc:0.9230769230769231   f1:0.9230769230769231   uf1:0.8986909875234748   uar:0.8814484126984127
[94, 1, 1]
[5, 27, 0]
[2, 3, 23]
samm-5c   acc:0.7573529411764706   f1:0.7573529411764706   uf1:0.7072064350599822   uar:0.6967206477732794
[50, 0, 3, 4, 0]
[1, 7, 1, 3, 0]
[0, 1, 19, 6, 0]
[1, 2, 4, 18, 1]
[1, 1, 4, 0, 9]
samm-5c   acc:0.7867647058823529   f1:0.7867647058823529   uf1:0.7214952919020716   uar:0.6928070175438596
[54, 0, 3, 0, 0]
[3, 5, 3, 1, 0]
[3, 0, 21, 2, 0]
[1, 1, 5, 18, 1]
[0, 0, 5, 1, 9]
samm-5c   acc:0.75   f1:0.75   uf1:0.6974996712170232   uar:0.6727125506072874
[52, 0, 3, 2, 0]
[0, 8, 3, 1, 0]
[4, 0, 16, 5, 1]
[1, 0, 4, 20, 1]
[0, 0, 6, 3, 6]
samm-5c   acc:0.7941176470588235   f1:0.7941176470588235   uf1:0.7540636010315643   uar:0.7349392712550606
[53, 0, 4, 0, 0]
[0, 9, 3, 0, 0]
[3, 2, 19, 2, 0]
[1, 1, 5, 19, 0]
[0, 0, 6, 1, 8]
samm-5c   acc:0.8088235294117647   f1:0.8088235294117648   uf1:0.747022624434389   uar:0.7509311740890687
[55, 0, 0, 0, 2]
[0, 10, 1, 1, 0]
[3, 2, 18, 3, 0]
[0, 2, 1, 19, 4]
[1, 0, 5, 1, 8]
samm-5c   acc:0.7867647058823529   f1:0.7867647058823529   uf1:0.7410448210039984   uar:0.7295546558704453
[53, 0, 2, 0, 2]
[0, 8, 1, 3, 0]
[4, 1, 17, 4, 0]
[3, 1, 2, 19, 1]
[1, 1, 2, 1, 10]
samm-5c   acc:0.7867647058823529   f1:0.7867647058823529   uf1:0.7434677665649743   uar:0.7280971659919028
[52, 0, 3, 1, 1]
[0, 8, 3, 0, 1]
[3, 1, 20, 2, 0]
[2, 1, 4, 18, 1]
[0, 0, 6, 0, 9]
samm-5c   acc:0.7720588235294118   f1:0.7720588235294118   uf1:0.7154715814757913   uar:0.6995546558704453
[53, 0, 1, 1, 2]
[1, 7, 1, 1, 2]
[3, 1, 18, 3, 1]
[5, 0, 3, 18, 0]
[0, 1, 4, 1, 9]
samm-5c   acc:0.7867647058823529   f1:0.7867647058823529   uf1:0.7255449735449736   uar:0.7157894736842105
[52, 2, 1, 0, 2]
[3, 6, 1, 1, 1]
[2, 0, 20, 3, 1]
[3, 0, 3, 19, 1]
[0, 1, 3, 1, 10]
samm-5c   acc:0.8014705882352942   f1:0.8014705882352942   uf1:0.7271461908420843   uar:0.71195681511471
[55, 0, 0, 2, 0]
[3, 4, 4, 1, 0]
[2, 0, 18, 3, 3]
[3, 1, 2, 20, 0]
[0, 0, 3, 0, 12]
samm-3c   acc:0.8872180451127819   f1:0.8872180451127819   uf1:0.8108824301982417   uar:0.7882757339279078
[89, 2, 1]
[6, 19, 1]
[1, 4, 10]
samm-3c   acc:0.8721804511278195   f1:0.8721804511278195   uf1:0.811593903027795   uar:0.8178186547751766
[83, 7, 2]
[3, 23, 0]
[1, 4, 10]
samm-3c   acc:0.8872180451127819   f1:0.8872180451127819   uf1:0.8396825396825397   uar:0.8530657748049052
[84, 6, 2]
[3, 22, 1]
[1, 2, 12]
samm-3c   acc:0.8571428571428571   f1:0.8571428571428571   uf1:0.773372584901407   uar:0.7461910070605723
[88, 4, 0]
[8, 16, 2]
[2, 3, 10]
samm-3c   acc:0.8947368421052632   f1:0.8947368421052632   uf1:0.8172273821809427   uar:0.7824972129319955
[90, 1, 1]
[6, 20, 0]
[2, 4, 9]
samm-3c   acc:0.8571428571428571   f1:0.8571428571428571   uf1:0.7905667891466228   uar:0.7737829803047194
[85, 5, 2]
[7, 19, 0]
[2, 3, 10]
samm-3c   acc:0.8872180451127819   f1:0.8872180451127819   uf1:0.8240357334560233   uar:0.8160720921590486
[87, 4, 1]
[5, 20, 1]
[0, 4, 11]
samm-3c   acc:0.849624060150376   f1:0.849624060150376   uf1:0.7881079809162962   uar:0.779357116313638
[83, 9, 0]
[5, 20, 1]
[1, 4, 10]
samm-3c   acc:0.8796992481203008   f1:0.8796992481203008   uf1:0.7978105347734051   uar:0.775455221107395
[89, 3, 0]
[6, 18, 2]
[1, 4, 10]
samm-3c   acc:0.9022556390977443   f1:0.9022556390977443   uf1:0.8545611976984526   uar:0.8325157933853586
[88, 3, 1]
[5, 21, 0]
[2, 2, 11]
smic-3c   acc:0.7682926829268293   f1:0.7682926829268293   uf1:0.773166599482389   uar:0.7565565761188197
[59, 8, 3]
[15, 36, 0]
[12, 0, 31]
smic-3c   acc:0.7621951219512195   f1:0.7621951219512195   uf1:0.7653758722251873   uar:0.755342757257942
[56, 12, 2]
[12, 38, 1]
[8, 4, 31]
smic-3c   acc:0.7926829268292683   f1:0.7926829268292683   uf1:0.7909284195605952   uar:0.7786941133042364
[64, 2, 4]
[19, 31, 1]
[7, 1, 35]
smic-3c   acc:0.7987804878048781   f1:0.7987804878048782   uf1:0.7980537980537981   uar:0.7910103576314246
[58, 9, 3]
[9, 42, 0]
[6, 6, 31]
smic-3c   acc:0.774390243902439   f1:0.7743902439024389   uf1:0.7698562552008753   uar:0.7511323909408724
[63, 4, 3]
[14, 37, 0]
[14, 2, 27]
smic-3c   acc:0.7621951219512195   f1:0.7621951219512195   uf1:0.7571532316630356   uar:0.744140446876425
[63, 0, 7]
[18, 30, 3]
[11, 0, 32]
smic-3c   acc:0.7682926829268293   f1:0.7682926829268293   uf1:0.768539402463453   uar:0.7583306190693332
[58, 8, 4]
[13, 37, 1]
[9, 3, 31]
smic-3c   acc:0.774390243902439   f1:0.7743902439024389   uf1:0.7687945397972499   uar:0.7590862701669816
[64, 1, 5]
[22, 28, 1]
[6, 2, 35]
smic-3c   acc:0.75   f1:0.75   uf1:0.7459170013386882   uar:0.7268625279569192
[64, 4, 2]
[22, 29, 0]
[10, 3, 30]
smic-3c   acc:0.7317073170731707   f1:0.7317073170731707   uf1:0.7307276057276058   uar:0.7184569952011812
[57, 8, 5]
[16, 34, 1]
[11, 3, 29]
full-3c   acc:0.891832229580574   f1:0.891832229580574   uf1:0.8763328223202103   uar:0.87199819832634
[241, 10, 7]
[16, 87, 6]
[9, 1, 76]
full-3c   acc:0.8896247240618101   f1:0.8896247240618101   uf1:0.8739760691068125   uar:0.8849655074319038
[231, 16, 11]
[7, 98, 4]
[6, 6, 74]
full-3c   acc:0.8984547461368654   f1:0.8984547461368654   uf1:0.8793899486139601   uar:0.879406395941493
[242, 7, 9]
[13, 89, 7]
[6, 4, 76]
full-3c   acc:0.8940397350993378   f1:0.8940397350993377   uf1:0.8775541555469898   uar:0.8726027072517365
[241, 10, 7]
[14, 91, 4]
[9, 4, 73]
full-3c   acc:0.9072847682119205   f1:0.9072847682119205   uf1:0.8938950380711899   uar:0.8898726975321812
[243, 6, 9]
[15, 92, 2]
[6, 4, 76]
full-3c   acc:0.9028697571743929   f1:0.9028697571743929   uf1:0.8894192300824892   uar:0.891508427565607
[240, 8, 10]
[15, 90, 4]
[4, 3, 79]
full-3c   acc:0.9072847682119205   f1:0.9072847682119205   uf1:0.894807471515327   uar:0.9003389991228694
[238, 12, 8]
[9, 95, 5]
[6, 2, 78]
full-3c   acc:0.891832229580574   f1:0.891832229580574   uf1:0.8744468180707944   uar:0.8806983856055757
[237, 13, 8]
[11, 89, 9]
[6, 2, 78]
full-3c   acc:0.8896247240618101   f1:0.8896247240618101   uf1:0.8731838860115048   uar:0.877083185169381
[235, 13, 10]
[10, 95, 4]
[8, 5, 73]
full-3c   acc:0.9006622516556292   f1:0.9006622516556292   uf1:0.8865893530910941   uar:0.8869449778346729
[239, 11, 8]
[11, 94, 4]
[8, 3, 75]


without attention

casme¢ò-5c   acc:0.8112449799196787   f1:0.8112449799196787   uf1:0.7868815836255225   uar:0.7701930014430015
[56, 0, 6, 1, 0]
[0, 27, 5, 0, 0]
[11, 3, 84, 1, 0]
[2, 7, 3, 15, 0]
[0, 0, 5, 3, 20]
casme¢ò-5c   acc:0.8192771084337349   f1:0.819277108433735   uf1:0.7956475011933989   uar:0.7922799422799424
[56, 1, 6, 0, 0]
[2, 24, 3, 2, 1]
[9, 4, 83, 3, 0]
[1, 7, 4, 15, 0]
[0, 0, 1, 1, 26]
casme¢ò-5c   acc:0.8313253012048193   f1:0.8313253012048193   uf1:0.8128922427923537   uar:0.8013167388167389
[57, 2, 4, 0, 0]
[3, 18, 8, 2, 1]
[7, 2, 86, 3, 1]
[0, 2, 4, 21, 0]
[0, 0, 3, 0, 25]
casme¢ò-5c   acc:0.8152610441767069   f1:0.8152610441767069   uf1:0.8100806618574301   uar:0.7825968013468014
[55, 0, 7, 1, 0]
[3, 21, 6, 1, 1]
[11, 1, 85, 2, 0]
[2, 1, 5, 19, 0]
[0, 0, 5, 0, 23]
casme¢ò-5c   acc:0.7911646586345381   f1:0.791164658634538   uf1:0.7635568813239928   uar:0.7729347041847041
[50, 2, 7, 3, 1]
[3, 19, 3, 5, 2]
[3, 3, 83, 9, 1]
[0, 2, 1, 24, 0]
[0, 0, 6, 1, 21]
casme¢ò-5c   acc:0.8072289156626506   f1:0.8072289156626506   uf1:0.793134736705659   uar:0.7591931216931217
[53, 0, 10, 0, 0]
[2, 22, 7, 1, 0]
[5, 3, 88, 3, 0]
[2, 2, 7, 16, 0]
[0, 0, 6, 0, 22]
casme¢ò-5c   acc:0.7831325301204819   f1:0.783132530120482   uf1:0.7529036327353992   uar:0.7301497113997113
[54, 2, 7, 0, 0]
[2, 19, 6, 4, 1]
[8, 4, 85, 1, 1]
[2, 3, 7, 15, 0]
[0, 0, 6, 0, 22]
casme¢ò-5c   acc:0.7710843373493976   f1:0.7710843373493976   uf1:0.7300519892623979   uar:0.7090848965848966
[54, 2, 6, 1, 0]
[1, 18, 8, 5, 0]
[7, 3, 85, 3, 1]
[4, 2, 8, 13, 0]
[0, 2, 4, 0, 22]
casme¢ò-5c   acc:0.7951807228915663   f1:0.7951807228915663   uf1:0.7806018518518518   uar:0.7938943001443002
[48, 2, 8, 5, 0]
[2, 23, 2, 4, 1]
[6, 5, 81, 7, 0]
[1, 3, 2, 21, 0]
[0, 1, 0, 2, 25]
casme¢ò-5c   acc:0.8072289156626506   f1:0.8072289156626506   uf1:0.7675728290646882   uar:0.745839345839346
[53, 3, 7, 0, 0]
[1, 24, 5, 1, 1]
[7, 1, 90, 1, 0]
[3, 3, 10, 11, 0]
[0, 0, 2, 3, 23]
casme¢ò-3c   acc:0.9102564102564102   f1:0.9102564102564102   uf1:0.8875283446712018   uar:0.8759920634920636
[92, 1, 3]
[5, 26, 1]
[3, 1, 24]
casme¢ò-3c   acc:0.8910256410256411   f1:0.8910256410256411   uf1:0.8754317659978037   uar:0.8794642857142857
[87, 9, 0]
[3, 28, 1]
[3, 1, 24]
casme¢ò-3c   acc:0.9230769230769231   f1:0.9230769230769231   uf1:0.9036308307809691   uar:0.9012896825396827
[92, 0, 4]
[5, 25, 2]
[1, 0, 27]
casme¢ò-3c   acc:0.9230769230769231   f1:0.9230769230769231   uf1:0.9029059735699216   uar:0.8928571428571429
[93, 2, 1]
[5, 25, 2]
[2, 0, 26]
casme¢ò-3c   acc:0.9102564102564102   f1:0.9102564102564102   uf1:0.896445881247263   uar:0.8913690476190476
[90, 5, 1]
[5, 27, 0]
[2, 1, 25]
casme¢ò-3c   acc:0.8974358974358975   f1:0.8974358974358975   uf1:0.8666948469066403   uar:0.8467261904761904
[93, 0, 3]
[8, 24, 0]
[2, 3, 23]
casme¢ò-3c   acc:0.9102564102564102   f1:0.9102564102564102   uf1:0.8887725117104536   uar:0.8621031746031745
[94, 1, 1]
[7, 24, 1]
[4, 0, 24]
casme¢ò-3c   acc:0.9230769230769231   f1:0.9230769230769231   uf1:0.9048957914937296   uar:0.8983134920634921
[92, 3, 1]
[4, 27, 1]
[2, 1, 25]
casme¢ò-3c   acc:0.9102564102564102   f1:0.9102564102564102   uf1:0.8912223591753315   uar:0.8690476190476191
[93, 2, 1]
[7, 25, 0]
[3, 1, 24]
casme¢ò-3c   acc:0.9294871794871795   f1:0.9294871794871795   uf1:0.9178666077060322   uar:0.9047619047619048
[93, 1, 2]
[7, 25, 0]
[1, 0, 27]
samm-5c   acc:0.7867647058823529   f1:0.7867647058823529   uf1:0.7301587608568063   uar:0.7128744939271254
[50, 1, 4, 2, 0]
[0, 6, 5, 1, 0]
[0, 0, 23, 3, 0]
[2, 1, 3, 20, 0]
[0, 0, 5, 2, 8]
samm-5c   acc:0.7720588235294118   f1:0.7720588235294118   uf1:0.6861809308915359   uar:0.6792982456140351
[53, 0, 3, 1, 0]
[1, 6, 4, 0, 1]
[1, 0, 21, 4, 0]
[2, 3, 2, 18, 1]
[0, 3, 3, 2, 7]
samm-5c   acc:0.8014705882352942   f1:0.8014705882352942   uf1:0.7523269663803169   uar:0.7485155195681511
[50, 0, 3, 2, 2]
[0, 7, 2, 2, 1]
[2, 1, 19, 4, 0]
[1, 1, 1, 23, 0]
[1, 1, 2, 1, 10]
samm-5c   acc:0.7720588235294118   f1:0.7720588235294118   uf1:0.7071408002329056   uar:0.699365721997301
[49, 1, 5, 2, 0]
[0, 7, 4, 1, 0]
[0, 1, 23, 2, 0]
[2, 1, 3, 20, 0]
[0, 0, 3, 6, 6]
samm-5c   acc:0.7720588235294118   f1:0.7720588235294118   uf1:0.709284259600049   uar:0.7118623481781376
[53, 1, 1, 2, 0]
[0, 9, 2, 1, 0]
[3, 2, 18, 2, 1]
[1, 2, 4, 17, 2]
[0, 1, 4, 2, 8]
samm-5c   acc:0.7794117647058824   f1:0.7794117647058824   uf1:0.7240980804259494   uar:0.7120377867746288
[54, 0, 1, 1, 1]
[0, 8, 4, 0, 0]
[2, 0, 21, 3, 0]
[4, 3, 5, 14, 0]
[0, 1, 4, 1, 9]
samm-5c   acc:0.7867647058823529   f1:0.7867647058823529   uf1:0.7247526688543023   uar:0.7157894736842105
[52, 0, 3, 2, 0]
[0, 6, 1, 4, 1]
[4, 1, 17, 3, 1]
[0, 2, 2, 22, 0]
[1, 1, 2, 1, 10]
samm-5c   acc:0.7647058823529411   f1:0.7647058823529412   uf1:0.6793596236857301   uar:0.6659649122807016
[53, 0, 3, 0, 1]
[1, 6, 4, 1, 0]
[3, 1, 18, 4, 0]
[0, 1, 3, 21, 1]
[0, 1, 5, 3, 6]
samm-5c   acc:0.7794117647058824   f1:0.7794117647058824   uf1:0.7324267506301234   uar:0.712280701754386
[51, 1, 5, 0, 0]
[3, 6, 2, 1, 0]
[2, 0, 19, 5, 0]
[0, 2, 4, 20, 0]
[0, 0, 4, 1, 10]
samm-5c   acc:0.8014705882352942   f1:0.8014705882352942   uf1:0.7518772378516623   uar:0.7482726045883941
[53, 0, 2, 1, 1]
[0, 9, 1, 0, 2]
[3, 1, 18, 4, 0]
[1, 2, 3, 20, 0]
[1, 1, 4, 0, 9]
samm-3c   acc:0.9022556390977443   f1:0.9022556390977443   uf1:0.8511680680477597   uar:0.8325157933853586
[88, 3, 1]
[5, 21, 0]
[1, 3, 11]
samm-3c   acc:0.8646616541353384   f1:0.8646616541353384   uf1:0.7839858906525574   uar:0.7590115198810851
[88, 4, 0]
[7, 17, 2]
[2, 3, 10]
samm-3c   acc:0.849624060150376   f1:0.849624060150376   uf1:0.7645745453421716   uar:0.7425678186547752
[87, 5, 0]
[8, 16, 2]
[1, 4, 10]
samm-3c   acc:0.8796992481203008   f1:0.8796992481203008   uf1:0.810313864280186   uar:0.7938498699368264
[87, 4, 1]
[5, 20, 1]
[2, 3, 10]
samm-3c   acc:0.8947368421052632   f1:0.8947368421052632   uf1:0.8242630385487528   uar:0.8013006317354144
[90, 2, 0]
[6, 18, 2]
[1, 3, 11]
samm-3c   acc:0.9022556390977443   f1:0.9022556390977443   uf1:0.8534889962426194   uar:0.8417131178000744
[87, 4, 1]
[4, 22, 0]
[1, 3, 11]
samm-3c   acc:0.8721804511278195   f1:0.8721804511278195   uf1:0.8281175346392736   uar:0.8088257153474544
[85, 7, 0]
[6, 20, 0]
[1, 3, 11]
samm-3c   acc:0.8947368421052632   f1:0.8947368421052632   uf1:0.8355737882229329   uar:0.81049795615013
[89, 3, 0]
[6, 19, 1]
[1, 3, 11]
samm-3c   acc:0.8872180451127819   f1:0.8872180451127819   uf1:0.8255593820290903   uar:0.7882757339279078
[89, 3, 0]
[6, 19, 1]
[4, 1, 10]
samm-3c   acc:0.8721804511278195   f1:0.8721804511278195   uf1:0.8104154002026341   uar:0.790431066518023
[87, 3, 2]
[8, 18, 0]
[1, 3, 11]
smic-3c   acc:0.7926829268292683   f1:0.7926829268292683   uf1:0.7897751218726391   uar:0.7769200703537229
[65, 3, 2]
[20, 30, 1]
[6, 2, 35]
smic-3c   acc:0.75   f1:0.75   uf1:0.7489579370112026   uar:0.7417128091546696
[57, 7, 6]
[15, 34, 2]
[8, 3, 32]
smic-3c   acc:0.75   f1:0.75   uf1:0.7558078277502739   uar:0.751141076585673
[51, 15, 4]
[10, 41, 0]
[8, 4, 31]
smic-3c   acc:0.7804878048780488   f1:0.7804878048780488   uf1:0.7783234594889558   uar:0.7738344950383255
[58, 4, 8]
[11, 37, 3]
[8, 2, 33]
smic-3c   acc:0.7560975609756098   f1:0.7560975609756099   uf1:0.7650584795321639   uar:0.7524547803617572
[56, 11, 3]
[17, 34, 0]
[9, 0, 34]
smic-3c   acc:0.7378048780487805   f1:0.7378048780487805   uf1:0.7329998288787186   uar:0.7161227281610318
[62, 4, 4]
[20, 30, 1]
[12, 2, 29]
smic-3c   acc:0.7560975609756098   f1:0.7560975609756099   uf1:0.7503658536585366   uar:0.743484680693983
[59, 7, 4]
[13, 34, 4]
[8, 4, 31]
smic-3c   acc:0.7439024390243902   f1:0.7439024390243903   uf1:0.7444316293375003   uar:0.7381668946648428
[56, 3, 11]
[16, 33, 2]
[9, 1, 33]
smic-3c   acc:0.7682926829268293   f1:0.7682926829268293   uf1:0.7586720867208672   uar:0.7507762795040497
[65, 2, 3]
[22, 26, 3]
[7, 1, 35]
smic-3c   acc:0.7865853658536586   f1:0.7865853658536586   uf1:0.7812118632042004   uar:0.773374155863896
[64, 1, 5]
[19, 29, 3]
[7, 0, 36]
full-3c   acc:0.8896247240618101   f1:0.8896247240618101   uf1:0.8710551402571091   uar:0.8814332788089989
[233, 16, 9]
[6, 96, 7]
[6, 6, 74]
full-3c   acc:0.8874172185430463   f1:0.8874172185430463   uf1:0.8691326256012721   uar:0.8685963539814617
[239, 9, 10]
[16, 88, 5]
[6, 5, 75]
full-3c   acc:0.8874172185430463   f1:0.8874172185430463   uf1:0.8667712360711275   uar:0.8547282080458953
[245, 6, 7]
[18, 86, 5]
[11, 4, 71]
full-3c   acc:0.8896247240618101   f1:0.8896247240618101   uf1:0.8747955405353428   uar:0.8742384372851623
[238, 11, 9]
[15, 89, 5]
[8, 2, 76]
full-3c   acc:0.8984547461368654   f1:0.8984547461368654   uf1:0.8815983371600117   uar:0.875186686579902
[243, 9, 6]
[13, 91, 5]
[10, 3, 73]
full-3c   acc:0.9028697571743929   f1:0.9028697571743929   uf1:0.889343137328788   uar:0.8984425005333901
[237, 5, 16]
[11, 91, 7]
[5, 0, 81]
full-3c   acc:0.8830022075055187   f1:0.8830022075055186   uf1:0.8661450373902234   uar:0.85214422871773
[243, 10, 5]
[21, 86, 2]
[10, 5, 71]
full-3c   acc:0.8896247240618101   f1:0.8896247240618101   uf1:0.8762275338150824   uar:0.8787189152028066
[235, 13, 10]
[12, 93, 4]
[9, 2, 75]
full-3c   acc:0.8874172185430463   f1:0.8874172185430463   uf1:0.8704976846939166   uar:0.8766090605220113
[234, 10, 14]
[11, 94, 4]
[7, 5, 74]
full-3c   acc:0.8874172185430463   f1:0.8874172185430463   uf1:0.8745058687587423   uar:0.8687267382594884
[238, 13, 7]
[16, 91, 2]
[10, 3, 73]


ce-loss-without-weighted

casme¢ò-5c   acc:0.8152610441767069   f1:0.8152610441767069   uf1:0.8061440396618123   uar:0.8038570226070225
[51, 0, 10, 1, 1]
[2, 21, 5, 3, 1]
[7, 1, 84, 7, 0]
[0, 3, 4, 20, 0]
[0, 0, 1, 0, 27]
casme¢ò-5c   acc:0.8152610441767069   f1:0.8152610441767069   uf1:0.7781235084899307   uar:0.7825547138047139
[57, 1, 5, 0, 0]
[3, 27, 1, 1, 0]
[9, 5, 82, 3, 0]
[1, 13, 2, 11, 0]
[0, 1, 1, 0, 26]
casme¢ò-5c   acc:0.7991967871485943   f1:0.7991967871485943   uf1:0.7799930078820239   uar:0.7657647907647908
[52, 1, 10, 0, 0]
[3, 20, 6, 1, 2]
[8, 3, 85, 3, 0]
[2, 4, 6, 15, 0]
[0, 0, 1, 0, 27]
casme¢ò-5c   acc:0.7951807228915663   f1:0.7951807228915663   uf1:0.7601078025674965   uar:0.7384950697450697
[52, 0, 11, 0, 0]
[1, 19, 9, 2, 1]
[5, 2, 89, 3, 0]
[2, 5, 6, 13, 1]
[0, 1, 2, 0, 25]
casme¢ò-5c   acc:0.8232931726907631   f1:0.8232931726907632   uf1:0.804477733337577   uar:0.799573112073112
[49, 0, 12, 2, 0]
[1, 22, 3, 5, 1]
[6, 1, 89, 2, 1]
[2, 5, 0, 20, 0]
[0, 0, 2, 1, 25]
casme¢ò-5c   acc:0.8112449799196787   f1:0.8112449799196787   uf1:0.8112436002769423   uar:0.81375962000962
[54, 0, 8, 1, 0]
[4, 23, 2, 2, 1]
[12, 4, 78, 5, 0]
[1, 3, 3, 20, 0]
[0, 0, 1, 0, 27]
casme¢ò-5c   acc:0.7951807228915663   f1:0.7951807228915663   uf1:0.7821581976874975   uar:0.7683591871091872
[57, 0, 6, 0, 0]
[2, 21, 8, 0, 1]
[11, 4, 79, 5, 0]
[2, 1, 10, 14, 0]
[0, 0, 0, 1, 27]
casme¢ò-5c   acc:0.8112449799196787   f1:0.8112449799196787   uf1:0.8144253231045685   uar:0.7855759980759981
[51, 0, 11, 1, 0]
[1, 22, 8, 0, 1]
[8, 5, 86, 0, 0]
[3, 0, 4, 20, 0]
[0, 1, 4, 0, 23]
casme¢ò-5c   acc:0.8152610441767069   f1:0.8152610441767069   uf1:0.80054473724765   uar:0.786537999037999
[51, 1, 11, 0, 0]
[3, 22, 5, 1, 1]
[6, 5, 87, 1, 0]
[2, 6, 3, 16, 0]
[0, 0, 1, 0, 27]
casme¢ò-5c   acc:0.7831325301204819   f1:0.783132530120482   uf1:0.7566286855955424   uar:0.738212481962482
[55, 1, 7, 0, 0]
[4, 17, 8, 3, 0]
[10, 5, 83, 1, 0]
[3, 3, 6, 15, 0]
[0, 0, 1, 2, 25]
casme¢ò-3c   acc:0.9038461538461539   f1:0.9038461538461539   uf1:0.8818713450292398   uar:0.8754960317460316
[91, 3, 2]
[7, 24, 1]
[1, 1, 26]
casme¢ò-3c   acc:0.9230769230769231   f1:0.9230769230769231   uf1:0.902533427163969   uar:0.8943452380952381
[93, 2, 1]
[6, 24, 2]
[1, 0, 27]
casme¢ò-3c   acc:0.8974358974358975   f1:0.8974358974358975   uf1:0.8731873974433787   uar:0.8660714285714285
[90, 3, 3]
[4, 28, 0]
[4, 2, 22]
casme¢ò-3c   acc:0.8782051282051282   f1:0.8782051282051282   uf1:0.8521382206949216   uar:0.8447420634920636
[89, 6, 1]
[7, 24, 1]
[2, 2, 24]
casme¢ò-3c   acc:0.9102564102564102   f1:0.9102564102564102   uf1:0.8957307060755336   uar:0.8859126984126983
[91, 1, 4]
[7, 25, 0]
[2, 0, 26]
casme¢ò-3c   acc:0.9038461538461539   f1:0.9038461538461539   uf1:0.8783289488193318   uar:0.8586309523809524
[93, 1, 2]
[7, 24, 1]
[3, 1, 24]
casme¢ò-3c   acc:0.8974358974358975   f1:0.8974358974358975   uf1:0.8808346251322555   uar:0.8983134920634921
[86, 7, 3]
[2, 29, 1]
[2, 1, 25]
casme¢ò-3c   acc:0.9166666666666666   f1:0.9166666666666666   uf1:0.8897398997974628   uar:0.8655753968253969
[95, 1, 0]
[7, 24, 1]
[2, 2, 24]
casme¢ò-3c   acc:0.9166666666666666   f1:0.9166666666666666   uf1:0.8884013714775527   uar:0.8625992063492064
[95, 0, 1]
[6, 26, 0]
[3, 3, 22]
casme¢ò-3c   acc:0.8717948717948718   f1:0.8717948717948718   uf1:0.8572808708665969   uar:0.8913690476190476
[81, 7, 8]
[2, 30, 0]
[2, 1, 25]
samm-5c   acc:0.8161764705882353   f1:0.8161764705882353   uf1:0.7573822823028891   uar:0.7289743589743589
[57, 0, 0, 0, 0]
[0, 7, 3, 2, 0]
[3, 1, 18, 3, 1]
[1, 0, 5, 20, 0]
[0, 0, 5, 1, 9]
samm-5c   acc:0.8308823529411765   f1:0.8308823529411766   uf1:0.7749648538660747   uar:0.7485425101214576
[56, 0, 0, 1, 0]
[1, 7, 3, 1, 0]
[2, 2, 19, 3, 0]
[3, 0, 1, 22, 0]
[0, 0, 4, 2, 9]
samm-5c   acc:0.8088235294117647   f1:0.8088235294117648   uf1:0.7290533304776183   uar:0.7240080971659919
[55, 0, 1, 1, 0]
[0, 7, 3, 2, 0]
[2, 0, 22, 0, 2]
[1, 1, 3, 18, 3]
[0, 3, 3, 1, 8]
samm-5c   acc:0.7941176470588235   f1:0.7941176470588235   uf1:0.7356977550258625   uar:0.7151147098515518
[54, 0, 2, 0, 1]
[3, 6, 2, 1, 0]
[2, 1, 20, 1, 2]
[4, 0, 2, 18, 2]
[0, 0, 4, 1, 10]
samm-5c   acc:0.7867647058823529   f1:0.7867647058823529   uf1:0.7450628486926127   uar:0.7289473684210527
[51, 0, 1, 4, 1]
[0, 7, 3, 2, 0]
[6, 0, 17, 2, 1]
[2, 1, 1, 22, 0]
[0, 1, 3, 1, 10]
samm-5c   acc:0.8088235294117647   f1:0.8088235294117648   uf1:0.7428276573787409   uar:0.7290418353576248
[53, 0, 2, 2, 0]
[0, 6, 5, 1, 0]
[1, 1, 22, 0, 2]
[2, 1, 2, 20, 1]
[1, 0, 3, 2, 9]
samm-5c   acc:0.7941176470588235   f1:0.7941176470588235   uf1:0.7313414357478529   uar:0.7044399460188935
[56, 0, 0, 0, 1]
[0, 7, 2, 3, 0]
[4, 1, 16, 4, 1]
[3, 0, 2, 21, 0]
[1, 0, 5, 1, 8]
samm-5c   acc:0.7941176470588235   f1:0.7941176470588235   uf1:0.7259618986705652   uar:0.7094736842105263
[54, 0, 1, 1, 1]
[1, 6, 3, 2, 0]
[6, 1, 16, 1, 2]
[0, 1, 1, 23, 1]
[0, 0, 6, 0, 9]
samm-5c   acc:0.8088235294117647   f1:0.8088235294117648   uf1:0.7358050138643955   uar:0.7117004048582996
[55, 0, 2, 0, 0]
[3, 5, 2, 2, 0]
[3, 0, 22, 1, 0]
[0, 2, 5, 19, 0]
[0, 1, 4, 1, 9]
samm-5c   acc:0.7647058823529411   f1:0.7647058823529412   uf1:0.6948301404853129   uar:0.6805802968960863
[53, 0, 2, 1, 1]
[0, 7, 1, 4, 0]
[4, 2, 19, 0, 1]
[2, 0, 3, 18, 3]
[0, 0, 7, 1, 7]
samm-3c   acc:0.8947368421052632   f1:0.8947368421052632   uf1:0.8505182760501908   uar:0.8196952805648459
[88, 4, 0]
[6, 20, 0]
[2, 2, 11]
samm-3c   acc:0.8721804511278195   f1:0.8721804511278195   uf1:0.8116782077092689   uar:0.799424005945745
[85, 7, 0]
[4, 21, 1]
[2, 3, 10]
samm-3c   acc:0.8872180451127819   f1:0.8872180451127819   uf1:0.8343319838056679   uar:0.7976774433296172
[89, 3, 0]
[8, 18, 0]
[1, 3, 11]
samm-3c   acc:0.8646616541353384   f1:0.8646616541353384   uf1:0.7847283290420547   uar:0.7588071348940915
[87, 5, 0]
[6, 19, 1]
[2, 4, 9]
samm-3c   acc:0.8872180451127819   f1:0.8872180451127819   uf1:0.8374947617456251   uar:0.8070791527313267
[89, 2, 1]
[9, 17, 0]
[1, 2, 12]
samm-3c   acc:0.9022556390977443   f1:0.9022556390977443   uf1:0.8522045855379189   uar:0.8233184689706429
[89, 2, 1]
[6, 20, 0]
[2, 2, 11]
samm-3c   acc:0.8872180451127819   f1:0.8872180451127819   uf1:0.7915277777777779   uar:0.7510776662950575
[91, 1, 0]
[6, 19, 1]
[3, 4, 8]
samm-3c   acc:0.8721804511278195   f1:0.8721804511278195   uf1:0.7910504482804764   uar:0.7624303232998885
[88, 4, 0]
[6, 19, 1]
[2, 4, 9]
samm-3c   acc:0.8721804511278195   f1:0.8721804511278195   uf1:0.8007169894231545   uar:0.7626347082868822
[89, 2, 1]
[8, 17, 1]
[4, 1, 10]
samm-3c   acc:0.8646616541353384   f1:0.8646616541353384   uf1:0.811863594925756   uar:0.786807878112226
[86, 5, 1]
[8, 18, 0]
[2, 2, 11]
smic-3c   acc:0.7621951219512195   f1:0.7621951219512195   uf1:0.7609836873599884   uar:0.7565587475300197
[56, 7, 7]
[11, 37, 3]
[9, 2, 32]
smic-3c   acc:0.774390243902439   f1:0.7743902439024389   uf1:0.7757742445546646   uar:0.7643085141033158
[59, 6, 5]
[14, 36, 1]
[10, 1, 32]
smic-3c   acc:0.774390243902439   f1:0.7743902439024389   uf1:0.7708333333333334   uar:0.7559963520291838
[63, 3, 4]
[16, 33, 2]
[11, 1, 31]
smic-3c   acc:0.7378048780487805   f1:0.7378048780487805   uf1:0.7318521465054543   uar:0.7291989664082688
[56, 5, 9]
[13, 34, 4]
[7, 5, 31]
smic-3c   acc:0.7926829268292683   f1:0.7926829268292683   uf1:0.7859001357770842   uar:0.7708401189933337
[65, 2, 3]
[15, 35, 1]
[9, 4, 30]
smic-3c   acc:0.75   f1:0.75   uf1:0.7458298671370135   uar:0.7410548715610275
[56, 9, 5]
[9, 37, 5]
[11, 2, 30]
smic-3c   acc:0.7439024390243902   f1:0.7439024390243903   uf1:0.7372435375677115   uar:0.7280806896401971
[61, 5, 4]
[19, 29, 3]
[8, 3, 32]
smic-3c   acc:0.7804878048780488   f1:0.7804878048780488   uf1:0.7788318120530063   uar:0.7602002041126528
[65, 4, 1]
[19, 31, 1]
[10, 1, 32]
smic-3c   acc:0.7621951219512195   f1:0.7621951219512195   uf1:0.7582451912348819   uar:0.7458146049117321
[60, 7, 3]
[13, 36, 2]
[11, 3, 29]
smic-3c   acc:0.7804878048780488   f1:0.7804878048780488   uf1:0.782641332395027   uar:0.7785985712114303
[56, 9, 5]
[10, 38, 3]
[9, 0, 34]
full-3c   acc:0.9006622516556292   f1:0.9006622516556292   uf1:0.8858676885624556   uar:0.8764786762439846
[244, 9, 5]
[14, 91, 4]
[11, 2, 73]
full-3c   acc:0.9050772626931567   f1:0.9050772626931568   uf1:0.8851536935888532   uar:0.8745821776545054
[249, 4, 5]
[15, 87, 7]
[9, 3, 74]
full-3c   acc:0.891832229580574   f1:0.891832229580574   uf1:0.8768287268287268   uar:0.8755304269492449
[239, 9, 10]
[16, 89, 4]
[7, 3, 76]
full-3c   acc:0.9028697571743929   f1:0.9028697571743929   uf1:0.8911391863496974   uar:0.8995211341061564
[235, 12, 11]
[9, 96, 4]
[6, 2, 78]
full-3c   acc:0.8874172185430463   f1:0.8874172185430463   uf1:0.8677896508389494   uar:0.8756608112272716
[235, 10, 13]
[9, 92, 8]
[7, 4, 75]
full-3c   acc:0.9050772626931567   f1:0.9050772626931568   uf1:0.8874429343548303   uar:0.8763482919659579
[248, 3, 7]
[17, 88, 4]
[8, 4, 74]
full-3c   acc:0.8984547461368654   f1:0.8984547461368654   uf1:0.8864906923354977   uar:0.8821207595476851
[240, 11, 7]
[15, 92, 2]
[8, 3, 75]
full-3c   acc:0.8741721854304636   f1:0.8741721854304636   uf1:0.8612889217205105   uar:0.8654552781926369
[229, 19, 10]
[12, 95, 2]
[10, 4, 72]
full-3c   acc:0.8940397350993378   f1:0.8940397350993377   uf1:0.8742967857884562   uar:0.870836592940284
[242, 9, 7]
[13, 90, 6]
[8, 5, 73]
full-3c   acc:0.8940397350993378   f1:0.8940397350993377   uf1:0.8791517672220671   uar:0.8734205722684494
[241, 10, 7]
[14, 90, 5]
[11, 1, 74]


focal-without-weighted

casme¢ò-5c   acc:0.7951807228915663   f1:0.7951807228915663   uf1:0.7504821708764318   uar:0.724537037037037
[56, 0, 7, 0, 0]
[0, 22, 7, 1, 2]
[8, 1, 88, 2, 0]
[2, 5, 8, 11, 1]
[0, 1, 6, 0, 21]
casme¢ò-5c   acc:0.8313253012048193   f1:0.8313253012048193   uf1:0.8024118812513981   uar:0.7943873256373256
[52, 0, 10, 1, 0]
[0, 19, 5, 4, 4]
[4, 2, 91, 2, 0]
[1, 4, 2, 20, 0]
[2, 0, 1, 0, 25]
casme¢ò-5c   acc:0.8273092369477911   f1:0.8273092369477912   uf1:0.8037567420491548   uar:0.7806968494468495
[53, 1, 9, 0, 0]
[1, 21, 6, 2, 2]
[4, 3, 91, 1, 0]
[2, 3, 5, 17, 0]
[2, 0, 2, 0, 24]
casme¢ò-5c   acc:0.8032128514056225   f1:0.8032128514056225   uf1:0.7548559059701551   uar:0.7303360990860991
[53, 0, 10, 0, 0]
[2, 21, 7, 1, 1]
[5, 1, 92, 1, 0]
[0, 2, 15, 8, 2]
[0, 0, 2, 0, 26]


casme¢ò-5c   acc:0.7911646586345381   f1:0.791164658634538   uf1:0.7541315496098104   uar:0.734445646945647
[57, 0, 6, 0, 0]
[2, 22, 5, 2, 1]
[7, 5, 84, 3, 0]
[1, 6, 7, 13, 0]
[0, 0, 6, 1, 21]
casme¢ò-5c   acc:0.8192771084337349   f1:0.819277108433735   uf1:0.781832840940287   uar:0.7779341029341029
[58, 0, 3, 2, 0]
[4, 20, 4, 3, 1]
[6, 3, 85, 4, 1]
[2, 6, 3, 16, 0]
[0, 1, 2, 0, 25]
casme¢ò-5c   acc:0.7871485943775101   f1:0.78714859437751   uf1:0.7589027111429469   uar:0.7437981000481001
[55, 0, 8, 0, 0]
[2, 23, 4, 3, 0]
[8, 3, 82, 5, 1]
[2, 1, 14, 10, 0]
[0, 0, 1, 1, 26]
casme¢ò-5c   acc:0.7871485943775101   f1:0.78714859437751   uf1:0.7383863045836291   uar:0.7334175084175083
[57, 0, 6, 0, 0]
[4, 20, 5, 2, 1]
[7, 6, 83, 2, 1]
[8, 5, 3, 10, 1]
[1, 0, 1, 0, 26]
casme¢ò-5c   acc:0.8032128514056225   f1:0.8032128514056225   uf1:0.7770822761779284   uar:0.7663961038961039
[53, 0, 10, 0, 0]
[3, 18, 4, 6, 1]
[5, 4, 86, 4, 0]
[1, 1, 6, 18, 1]
[0, 0, 2, 1, 25]
casme¢ò-5c   acc:0.8273092369477911   f1:0.8273092369477912   uf1:0.8101580305094099   uar:0.8049152236652237
[56, 0, 6, 0, 1]
[4, 21, 4, 2, 1]
[7, 5, 84, 3, 0]
[3, 3, 3, 18, 0]
[0, 0, 1, 0, 27]
casme¢ò-5c   acc:0.8152610441767069   f1:0.8152610441767069   uf1:0.7999471973786694   uar:0.7923100048100048
[56, 0, 6, 1, 0]
[5, 22, 5, 0, 0]
[10, 2, 82, 5, 0]
[1, 4, 5, 16, 1]
[0, 0, 0, 1, 27]
casme¢ò-5c   acc:0.7791164658634538   f1:0.7791164658634538   uf1:0.7362098560118115   uar:0.7286225348725349
[54, 1, 7, 0, 1]
[1, 23, 4, 3, 1]
[12, 2, 83, 2, 0]
[3, 10, 3, 11, 0]
[1, 2, 2, 0, 23]
casme¢ò-5c   acc:0.7991967871485943   f1:0.7991967871485943   uf1:0.7579610154019383   uar:0.7562710437710438
[54, 1, 8, 0, 0]
[4, 26, 1, 0, 1]
[9, 3, 84, 3, 0]
[2, 8, 6, 10, 1]
[1, 1, 0, 1, 25]
casme¢ò-5c   acc:0.8393574297188755   f1:0.8393574297188755   uf1:0.8103104773056591   uar:0.8136934824434825
[53, 2, 5, 3, 0]
[0, 21, 3, 7, 1]
[6, 0, 89, 4, 0]
[1, 4, 0, 22, 0]
[1, 1, 1, 1, 24]
casme¢ò-3c   acc:0.9102564102564102   f1:0.9102564102564102   uf1:0.8863774218612929   uar:0.8774801587301587
[92, 3, 1]
[6, 25, 1]
[1, 2, 25]
casme¢ò-3c   acc:0.9166666666666666   f1:0.9166666666666666   uf1:0.8942731412813497   uar:0.8824404761904763
[93, 0, 3]
[7, 24, 1]
[1, 1, 26]
casme¢ò-3c   acc:0.8974358974358975   f1:0.8974358974358975   uf1:0.8639274096901216   uar:0.8482142857142857
[93, 2, 1]
[7, 23, 2]
[2, 2, 24]
casme¢ò-3c   acc:0.9230769230769231   f1:0.9230769230769231   uf1:0.9095731556871453   uar:0.9067460317460316
[91, 3, 2]
[5, 27, 0]
[1, 1, 26]
casme¢ò-3c   acc:0.9102564102564102   f1:0.9102564102564102   uf1:0.8913597708977248   uar:0.865079365079365
[94, 0, 2]
[10, 22, 0]
[2, 0, 26]
casme¢ò-3c   acc:0.9294871794871795   f1:0.9294871794871795   uf1:0.9144388008556628   uar:0.9017857142857143
[93, 2, 1]
[4, 27, 1]
[3, 0, 25]
casme¢ò-3c   acc:0.9166666666666666   f1:0.9166666666666666   uf1:0.8945724429274254   uar:0.8725198412698413
[94, 1, 1]
[7, 25, 0]
[2, 2, 24]
casme¢ò-3c   acc:0.9038461538461539   f1:0.9038461538461539   uf1:0.8809533086564062   uar:0.8740079365079364
[91, 1, 4]
[6, 25, 1]
[2, 1, 25]
casme¢ò-3c   acc:0.8974358974358975   f1:0.8974358974358975   uf1:0.8757779728806945   uar:0.8467261904761904
[93, 3, 0]
[8, 24, 0]
[4, 1, 23]
casme¢ò-3c   acc:0.9166666666666666   f1:0.9166666666666666   uf1:0.8978373776074925   uar:0.8740079365079364
[94, 2, 0]
[7, 24, 1]
[3, 0, 25]
samm-5c   acc:0.8014705882352942   f1:0.8014705882352942   uf1:0.7197183134558977   uar:0.6975168690958166
[56, 0, 1, 0, 0]
[2, 6, 3, 0, 1]
[2, 0, 21, 2, 1]
[1, 1, 3, 19, 2]
[1, 0, 5, 2, 7]
samm-5c   acc:0.8308823529411765   f1:0.8308823529411766   uf1:0.7619909502262443   uar:0.7376923076923078
[57, 0, 0, 0, 0]
[1, 5, 2, 4, 0]
[3, 0, 18, 4, 1]
[1, 0, 2, 22, 1]
[0, 0, 4, 0, 11]
samm-5c   acc:0.8014705882352942   f1:0.8014705882352942   uf1:0.739742450832831   uar:0.7115249662618084
[54, 0, 2, 1, 0]
[1, 6, 3, 2, 0]
[2, 0, 22, 2, 0]
[1, 1, 5, 19, 0]
[1, 0, 4, 2, 8]
samm-5c   acc:0.8014705882352942   f1:0.8014705882352942   uf1:0.7345976642022929   uar:0.7046153846153846
[57, 0, 0, 0, 0]
[2, 6, 2, 2, 0]
[1, 0, 21, 3, 1]
[5, 0, 3, 16, 2]
[0, 0, 2, 4, 9]
samm-5c   acc:0.8161764705882353   f1:0.8161764705882353   uf1:0.7566862368921866   uar:0.7373414304993253
[55, 0, 2, 0, 0]
[0, 7, 2, 3, 0]
[1, 1, 21, 3, 0]
[2, 1, 4, 19, 0]
[0, 1, 2, 3, 9]
samm-5c   acc:0.7867647058823529   f1:0.7867647058823529   uf1:0.7259955406911929   uar:0.7065721997300944
[55, 0, 1, 1, 0]
[0, 7, 2, 3, 0]
[3, 1, 19, 3, 0]
[4, 2, 2, 17, 1]
[1, 1, 2, 2, 9]
samm-5c   acc:0.8161764705882353   f1:0.8161764705882353   uf1:0.7481744271988175   uar:0.7185425101214575
[56, 0, 0, 1, 0]
[5, 6, 1, 0, 0]
[3, 0, 21, 2, 0]
[2, 1, 2, 20, 1]
[0, 1, 5, 1, 8]
samm-5c   acc:0.8014705882352942   f1:0.8014705882352942   uf1:0.7203618445188471   uar:0.6983670715249662
[55, 0, 0, 2, 0]
[1, 5, 5, 1, 0]
[4, 1, 19, 2, 0]
[0, 1, 2, 22, 1]
[1, 0, 3, 3, 8]
samm-5c   acc:0.7573529411764706   f1:0.7573529411764706   uf1:0.6634725910763286   uar:0.6637381916329285
[52, 0, 1, 2, 2]
[1, 3, 2, 4, 2]
[1, 0, 18, 6, 1]
[2, 0, 2, 19, 3]
[0, 0, 2, 2, 11]
samm-5c   acc:0.8382352941176471   f1:0.8382352941176471   uf1:0.7706355645706559   uar:0.7424696356275303
[55, 0, 1, 1, 0]
[2, 5, 3, 2, 0]
[1, 0, 23, 2, 0]
[1, 0, 3, 22, 0]
[0, 0, 4, 2, 9]
samm-3c   acc:0.8721804511278195   f1:0.8721804511278195   uf1:0.7896254058762969   uar:0.7714232627276106
[86, 6, 0]
[4, 22, 0]
[1, 6, 8]
samm-3c   acc:0.8796992481203008   f1:0.8796992481203008   uf1:0.8091294572981588   uar:0.7846525455221106
[88, 4, 0]
[6, 19, 1]
[1, 4, 10]
samm-3c   acc:0.9022556390977443   f1:0.9022556390977443   uf1:0.8714979616618961   uar:0.8603121516164994
[86, 6, 0]
[4, 22, 0]
[1, 2, 12]
samm-3c   acc:0.8646616541353384   f1:0.8646616541353384   uf1:0.807204778902892   uar:0.7960052025269416
[85, 6, 1]
[6, 19, 1]
[2, 2, 11]
samm-3c   acc:0.9022556390977443   f1:0.9022556390977443   uf1:0.8426552256021216   uar:0.8047194351542178
[90, 2, 0]
[5, 20, 1]
[4, 1, 10]
samm-3c   acc:0.8721804511278195   f1:0.8721804511278195   uf1:0.814171015656363   uar:0.7810293571163136
[87, 5, 0]
[7, 19, 0]
[2, 3, 10]
samm-3c   acc:0.8721804511278195   f1:0.8721804511278195   uf1:0.8233495722541256   uar:0.8274247491638796
[84, 8, 0]
[4, 20, 2]
[1, 2, 12]
samm-3c   acc:0.8796992481203008   f1:0.8796992481203008   uf1:0.79638326585695   uar:0.7660535117056856
[89, 3, 0]
[5, 19, 2]
[4, 2, 9]
samm-3c   acc:0.8872180451127819   f1:0.8872180451127819   uf1:0.8231839091105555   uar:0.8064659977703457
[86, 6, 0]
[3, 23, 0]
[2, 4, 9]
samm-3c   acc:0.9022556390977443   f1:0.9022556390977443   uf1:0.8534889962426194   uar:0.8417131178000744
[87, 5, 0]
[3, 22, 1]
[2, 2, 11]
smic-3c   acc:0.7804878048780488   f1:0.7804878048780488   uf1:0.7822132344680374   uar:0.7750504853104032
[58, 5, 7]
[13, 36, 2]
[9, 0, 34]
smic-3c   acc:0.7317073170731707   f1:0.7317073170731707   uf1:0.7341641321378258   uar:0.7321911710420602
[52, 8, 10]
[15, 35, 1]
[7, 3, 33]
smic-3c   acc:0.7804878048780488   f1:0.7804878048780488   uf1:0.7748695364288501   uar:0.7637482900136799
[63, 4, 3]
[14, 33, 4]
[10, 1, 32]
smic-3c   acc:0.7621951219512195   f1:0.7621951219512195   uf1:0.7578849098219994   uar:0.7405923609753979
[65, 2, 3]
[23, 28, 0]
[9, 2, 32]
smic-3c   acc:0.7926829268292683   f1:0.7926829268292683   uf1:0.7906349931217048   uar:0.7828002518836992
[61, 5, 4]
[14, 35, 2]
[6, 3, 34]
smic-3c   acc:0.774390243902439   f1:0.7743902439024389   uf1:0.7737794612794614   uar:0.772062623499012
[56, 7, 7]
[10, 37, 4]
[8, 1, 34]
smic-3c   acc:0.7804878048780488   f1:0.7804878048780488   uf1:0.7831836390470167   uar:0.7762664755824811
[58, 7, 5]
[14, 35, 2]
[8, 0, 35]
smic-3c   acc:0.7804878048780488   f1:0.7804878048780488   uf1:0.7839605734767024   uar:0.7702864091372983
[60, 6, 4]
[16, 35, 0]
[9, 1, 33]
smic-3c   acc:0.7804878048780488   f1:0.7804878048780488   uf1:0.77206481096801   uar:0.7530041473953922
[67, 2, 1]
[17, 32, 2]
[12, 2, 29]
smic-3c   acc:0.7804878048780488   f1:0.7804878048780488   uf1:0.7787862509679715   uar:0.7679543135083491
[62, 3, 5]
[18, 32, 1]
[7, 2, 34]
full-3c   acc:0.8962472406181016   f1:0.8962472406181016   uf1:0.8806694203444976   uar:0.8756608112272716
[241, 9, 8]
[14, 92, 3]
[9, 4, 73]
full-3c   acc:0.891832229580574   f1:0.891832229580574   uf1:0.875443963430313   uar:0.8651945096365835
[243, 8, 7]
[18, 89, 2]
[9, 5, 72]
full-3c   acc:0.891832229580574   f1:0.891832229580574   uf1:0.8751597708350113   uar:0.8737643126377925
[240, 7, 11]
[16, 88, 5]
[7, 3, 76]
full-3c   acc:0.9050772626931567   f1:0.9050772626931568   uf1:0.890410758041485   uar:0.8983595287201004
[236, 8, 14]
[6, 99, 4]
[8, 3, 75]
full-3c   acc:0.8896247240618101   f1:0.8896247240618101   uf1:0.8741187348680658   uar:0.8726027072517365
[238, 7, 13]
[14, 91, 4]
[10, 2, 74]
full-3c   acc:0.9006622516556292   f1:0.9006622516556292   uf1:0.8834783993041643   uar:0.8827252684730816
[240, 8, 10]
[9, 96, 4]
[10, 4, 72]
full-3c   acc:0.8830022075055187   f1:0.8830022075055186   uf1:0.8683039385156591   uar:0.8661427589313231
[236, 19, 3]
[14, 91, 4]
[7, 6, 73]
full-3c   acc:0.8852097130242825   f1:0.8852097130242825   uf1:0.8656556498081579   uar:0.8523575848090464
[246, 3, 9]
[22, 81, 6]
[11, 1, 74]
full-3c   acc:0.8830022075055187   f1:0.8830022075055186   uf1:0.8636493420334399   uar:0.8607140317189389
[240, 6, 12]
[17, 85, 7]
[9, 2, 75]
full-3c   acc:0.8962472406181016   f1:0.8962472406181016   uf1:0.8809299845847439   uar:0.8748429462105588
[241, 11, 6]
[13, 93, 3]
[10, 4, 72]


ce-weighted

casme¢ò-5c   acc:0.8192771084337349   f1:0.819277108433735   uf1:0.8021365147012256   uar:0.8016444203944204
[52, 1, 9, 1, 0]
[5, 21, 1, 4, 1]
[6, 4, 85, 3, 1]
[2, 3, 3, 19, 0]
[0, 0, 1, 0, 27]
casme¢ò-5c   acc:0.8152610441767069   f1:0.8152610441767069   uf1:0.7865712233169129   uar:0.7789953102453102
[55, 0, 8, 0, 0]
[3, 19, 2, 5, 3]
[6, 5, 86, 2, 0]
[0, 1, 8, 18, 0]
[1, 0, 0, 2, 25]
casme¢ò-5c   acc:0.7871485943775101   f1:0.78714859437751   uf1:0.7751709164818921   uar:0.7604677729677729
[50, 3, 10, 0, 0]
[4, 22, 5, 1, 0]
[10, 4, 83, 2, 0]
[1, 5, 7, 14, 0]
[0, 0, 1, 0, 27]
casme¢ò-5c   acc:0.8393574297188755   f1:0.8393574297188755   uf1:0.8202072622561376   uar:0.8207251082251081
[55, 3, 5, 0, 0]
[1, 26, 3, 0, 2]
[9, 3, 85, 1, 1]
[0, 7, 1, 18, 1]
[0, 1, 1, 1, 25]
casme¢ò-5c   acc:0.7791164658634538   f1:0.7791164658634538   uf1:0.7654796088298086   uar:0.749251443001443
[51, 3, 9, 0, 0]
[1, 25, 6, 0, 0]
[11, 6, 81, 1, 0]
[1, 6, 8, 12, 0]
[0, 0, 3, 0, 25]
casme¢ò-5c   acc:0.8072289156626506   f1:0.8072289156626506   uf1:0.783467769779741   uar:0.7918801106301105
[53, 1, 4, 5, 0]
[1, 21, 5, 3, 2]
[7, 3, 82, 6, 1]
[1, 2, 3, 20, 1]
[0, 0, 1, 2, 25]
casme¢ò-5c   acc:0.8032128514056225   f1:0.8032128514056225   uf1:0.7908898539698668   uar:0.776509139009139
[52, 0, 9, 2, 0]
[3, 22, 5, 1, 1]
[10, 4, 84, 1, 0]
[1, 5, 5, 16, 0]
[0, 0, 2, 0, 26]
casme¢ò-5c   acc:0.7991967871485943   f1:0.7991967871485943   uf1:0.8060081751099638   uar:0.8014339826839827
[49, 0, 14, 0, 0]
[3, 19, 5, 4, 1]
[11, 2, 81, 5, 0]
[2, 0, 1, 24, 0]
[0, 0, 2, 0, 26]
casme¢ò-5c   acc:0.8313253012048193   f1:0.8313253012048193   uf1:0.8141330891330891   uar:0.7980790043290045
[55, 1, 7, 0, 0]
[1, 23, 6, 1, 1]
[6, 4, 87, 2, 0]
[1, 3, 8, 15, 0]
[0, 0, 1, 0, 27]
casme¢ò-5c   acc:0.8072289156626506   f1:0.8072289156626506   uf1:0.7716011029674397   uar:0.7694023569023569
[53, 3, 7, 0, 0]
[3, 26, 2, 1, 0]
[6, 6, 85, 2, 0]
[1, 8, 8, 10, 0]
[0, 0, 1, 0, 27]
casme¢ò-3c   acc:0.9230769230769231   f1:0.9230769230769231   uf1:0.9078876141582413   uar:0.8774801587301587
[95, 0, 1]
[8, 24, 0]
[3, 0, 25]
casme¢ò-3c   acc:0.9102564102564102   f1:0.9102564102564102   uf1:0.8866221050129096   uar:0.8566468253968255
[95, 0, 1]
[9, 22, 1]
[3, 0, 25]
casme¢ò-3c   acc:0.8974358974358975   f1:0.8974358974358975   uf1:0.8858161446396741   uar:0.8983134920634921
[86, 8, 2]
[3, 29, 0]
[2, 1, 25]
casme¢ò-3c   acc:0.9038461538461539   f1:0.9038461538461539   uf1:0.8738279501119283   uar:0.8501984126984127
[94, 1, 1]
[7, 24, 1]
[3, 2, 23]
casme¢ò-3c   acc:0.9166666666666666   f1:0.9166666666666666   uf1:0.8939326730330932   uar:0.871031746031746
[94, 1, 1]
[6, 26, 0]
[3, 2, 23]
casme¢ò-3c   acc:0.9166666666666666   f1:0.9166666666666666   uf1:0.8970653907496012   uar:0.8740079365079364
[94, 1, 1]
[7, 24, 1]
[3, 0, 25]
casme¢ò-3c   acc:0.9166666666666666   f1:0.9166666666666666   uf1:0.8979985201736304   uar:0.896329365079365
[91, 4, 1]
[4, 26, 2]
[2, 0, 26]
casme¢ò-3c   acc:0.9166666666666666   f1:0.9166666666666666   uf1:0.8898639103110467   uar:0.8893849206349206
[92, 2, 2]
[5, 25, 2]
[0, 2, 26]
casme¢ò-3c   acc:0.9102564102564102   f1:0.9102564102564102   uf1:0.8928831641946395   uar:0.8844246031746031
[91, 3, 2]
[5, 26, 1]
[3, 0, 25]
casme¢ò-3c   acc:0.9038461538461539   f1:0.9038461538461539   uf1:0.8912632142417539   uar:0.896329365079365
[88, 3, 5]
[5, 27, 0]
[2, 0, 26]
samm-5c   acc:0.8014705882352942   f1:0.8014705882352942   uf1:0.7563852813852814   uar:0.7476653171390013
[51, 1, 3, 1, 1]
[0, 8, 1, 2, 1]
[3, 0, 20, 3, 0]
[0, 1, 3, 21, 1]
[1, 0, 2, 3, 9]
samm-5c   acc:0.8088235294117647   f1:0.8088235294117648   uf1:0.7487512487512488   uar:0.7257085020242915
[53, 1, 0, 3, 0]
[2, 5, 3, 2, 0]
[4, 0, 20, 2, 0]
[1, 0, 2, 22, 1]
[0, 0, 4, 1, 10]
samm-5c   acc:0.7941176470588235   f1:0.7941176470588235   uf1:0.743586827169372   uar:0.7316059379217275
[53, 0, 4, 0, 0]
[0, 8, 1, 3, 0]
[3, 1, 19, 3, 0]
[0, 1, 3, 19, 3]
[0, 0, 5, 1, 9]
samm-5c   acc:0.7794117647058824   f1:0.7794117647058824   uf1:0.7054797473908665   uar:0.6794736842105262
[54, 0, 0, 2, 1]
[0, 5, 6, 1, 0]
[3, 0, 21, 1, 1]
[4, 0, 3, 18, 1]
[0, 0, 5, 2, 8]
samm-5c   acc:0.8014705882352942   f1:0.8014705882352942   uf1:0.738604036721401   uar:0.7157085020242915
[53, 0, 0, 4, 0]
[0, 6, 3, 2, 1]
[4, 0, 20, 2, 0]
[0, 1, 3, 22, 0]
[1, 0, 3, 3, 8]
samm-5c   acc:0.8088235294117647   f1:0.8088235294117648   uf1:0.7415546464056109   uar:0.7187989203778677
[56, 0, 0, 1, 0]
[1, 5, 3, 3, 0]
[4, 0, 19, 2, 1]
[0, 0, 5, 19, 2]
[0, 0, 4, 0, 11]
samm-5c   acc:0.8088235294117647   f1:0.8088235294117648   uf1:0.7420134506169503   uar:0.7164912280701754
[56, 0, 1, 0, 0]
[0, 6, 5, 1, 0]
[2, 2, 19, 3, 0]
[3, 0, 3, 20, 0]
[0, 1, 4, 1, 9]
samm-5c   acc:0.75   f1:0.75   uf1:0.6448080475674058   uar:0.6257219973009447
[56, 0, 1, 0, 0]
[0, 4, 6, 2, 0]
[2, 1, 22, 1, 0]
[5, 0, 5, 13, 3]
[1, 0, 5, 2, 7]
samm-5c   acc:0.8088235294117647   f1:0.8088235294117648   uf1:0.7430523862102809   uar:0.7164912280701754
[56, 0, 0, 1, 0]
[1, 6, 3, 2, 0]
[3, 1, 20, 2, 0]
[3, 0, 2, 19, 2]
[0, 0, 4, 2, 9]
samm-5c   acc:0.7941176470588235   f1:0.7941176470588235   uf1:0.7374302354605451   uar:0.728272604588394
[53, 1, 2, 1, 0]
[0, 7, 2, 2, 1]
[2, 1, 19, 4, 0]
[2, 2, 2, 19, 1]
[0, 0, 4, 1, 10]
samm-3c   acc:0.8947368421052632   f1:0.8947368421052632   uf1:0.8417406848779398   uar:0.8196952805648459
[88, 4, 0]
[5, 20, 1]
[2, 2, 11]
samm-3c   acc:0.8947368421052632   f1:0.8947368421052632   uf1:0.8672944130571248   uar:0.865886287625418
[84, 8, 0]
[3, 23, 0]
[1, 2, 12]
samm-3c   acc:0.8796992481203008   f1:0.8796992481203008   uf1:0.8261041326615096   uar:0.8216462281679674
[85, 6, 1]
[4, 21, 1]
[2, 2, 11]
samm-3c   acc:0.8721804511278195   f1:0.8721804511278195   uf1:0.7973192239858906   uar:0.7718320327015978
[88, 3, 1]
[7, 18, 1]
[2, 3, 10]
samm-3c   acc:0.8947368421052632   f1:0.8947368421052632   uf1:0.8322923711394888   uar:0.8013006317354144
[90, 2, 0]
[7, 18, 1]
[1, 3, 11]
samm-3c   acc:0.9022556390977443   f1:0.9022556390977443   uf1:0.8574221711476614   uar:0.8233184689706429
[89, 3, 0]
[6, 20, 0]
[2, 2, 11]
samm-3c   acc:0.8796992481203008   f1:0.8796992481203008   uf1:0.8173224624837528   uar:0.8032515793385359
[87, 4, 1]
[6, 19, 1]
[1, 3, 11]
samm-3c   acc:0.8721804511278195   f1:0.8721804511278195   uf1:0.8266042154566745   uar:0.8550167224080267
[81, 10, 1]
[1, 23, 2]
[1, 2, 12]
samm-3c   acc:0.8721804511278195   f1:0.8721804511278195   uf1:0.8323913740580408   uar:0.8456150130063174
[81, 11, 0]
[1, 24, 1]
[2, 2, 11]
samm-3c   acc:0.8872180451127819   f1:0.8872180451127819   uf1:0.8272948328267477   uar:0.806874767744333
[88, 3, 1]
[6, 19, 1]
[2, 2, 11]
smic-3c   acc:0.7560975609756098   f1:0.7560975609756099   uf1:0.7555366396368144   uar:0.7607669424358892
[52, 11, 7]
[8, 37, 6]
[6, 2, 35]
smic-3c   acc:0.7560975609756098   f1:0.7560975609756099   uf1:0.7569386539606908   uar:0.7566608038564263
[55, 6, 9]
[16, 33, 2]
[5, 2, 36]
smic-3c   acc:0.75   f1:0.75   uf1:0.7534847324157132   uar:0.751141076585673
[51, 11, 8]
[10, 41, 0]
[10, 2, 31]
smic-3c   acc:0.75   f1:0.75   uf1:0.7411886063001681   uar:0.7321846568084598
[61, 1, 8]
[15, 32, 4]
[10, 3, 30]
smic-3c   acc:0.7682926829268293   f1:0.7682926829268293   uf1:0.7712243744592316   uar:0.7655266757865937
[56, 10, 4]
[13, 36, 2]
[7, 2, 34]
smic-3c   acc:0.774390243902439   f1:0.7743902439024389   uf1:0.774878734303459   uar:0.7691724751916271
[59, 6, 5]
[17, 32, 2]
[6, 1, 36]
smic-3c   acc:0.7987804878048781   f1:0.7987804878048782   uf1:0.7970057289053704   uar:0.7851301761014483
[62, 4, 4]
[12, 37, 2]
[10, 1, 32]
smic-3c   acc:0.7865853658536586   f1:0.7865853658536586   uf1:0.7888839196123963   uar:0.7761644192560745
[59, 8, 3]
[12, 39, 0]
[10, 2, 31]
smic-3c   acc:0.7926829268292683   f1:0.7926829268292683   uf1:0.7900990835557921   uar:0.7822421992052635
[62, 4, 4]
[15, 33, 3]
[7, 1, 35]
smic-3c   acc:0.7439024390243902   f1:0.7439024390243903   uf1:0.7393014286032485   uar:0.723874666145528
[62, 4, 4]
[19, 30, 2]
[12, 1, 30]
full-3c   acc:0.8896247240618101   f1:0.8896247240618101   uf1:0.8738958507379561   uar:0.8673043643173791
[241, 9, 8]
[18, 88, 3]
[8, 4, 74]
full-3c   acc:0.891832229580574   f1:0.891832229580574   uf1:0.875844777723826   uar:0.8895289571628381
[232, 10, 16]
[9, 94, 6]
[4, 4, 78]
full-3c   acc:0.8940397350993378   f1:0.8940397350993377   uf1:0.8790246906988246   uar:0.8681222293340919
[244, 7, 7]
[20, 87, 2]
[8, 4, 74]
full-3c   acc:0.891832229580574   f1:0.891832229580574   uf1:0.8721119453542304   uar:0.8642462603418438
[244, 7, 7]
[17, 87, 5]
[8, 5, 73]
full-3c   acc:0.8962472406181016   f1:0.8962472406181016   uf1:0.8809299845847439   uar:0.8748429462105588
[241, 11, 6]
[13, 93, 3]
[10, 4, 72]
full-3c   acc:0.9249448123620309   f1:0.9249448123620309   uf1:0.9141742246885382   uar:0.9089088021240784
[247, 6, 5]
[12, 94, 3]
[6, 2, 78]
full-3c   acc:0.8962472406181016   f1:0.8962472406181016   uf1:0.8848553430028304   uar:0.8887110921461252
[235, 10, 13]
[12, 95, 2]
[8, 2, 76]
full-3c   acc:0.8896247240618101   f1:0.8896247240618101   uf1:0.8716759788087138   uar:0.8648507692672404
[241, 12, 5]
[15, 91, 3]
[8, 7, 71]
full-3c   acc:0.8962472406181016   f1:0.8962472406181016   uf1:0.882495454536031   uar:0.8819074034563688
[237, 13, 8]
[10, 97, 2]
[10, 4, 72]
full-3c   acc:0.9072847682119205   f1:0.9072847682119205   uf1:0.8934724197882092   uar:0.8951710404665386
[240, 12, 6]
[11, 95, 3]
[4, 6, 76]
