casme¢ò-5c   acc:0.8152610441767069   f1:0.8152610441767069   uf1:0.808448223478042   uar:0.8233525733525735
[52, 0, 8, 3, 0]
[2, 24, 1, 3, 2]
[11, 5, 79, 4, 0]
[1, 3, 0, 22, 1]
[0, 0, 1, 1, 26]
casme¢ò-5c   acc:0.8152610441767069   f1:0.8152610441767069   uf1:0.798981982840037   uar:0.8043801106301107
[53, 4, 5, 1, 0]
[1, 23, 4, 2, 2]
[8, 6, 82, 2, 1]
[2, 0, 4, 20, 1]
[0, 1, 0, 2, 25]
casme¢ò-5c   acc:0.8433734939759037   f1:0.8433734939759037   uf1:0.8300832249729119   uar:0.8363305675805677
[54, 1, 6, 1, 1]
[1, 27, 2, 2, 0]
[7, 6, 84, 2, 0]
[0, 7, 1, 19, 0]
[0, 0, 1, 1, 26]
casme¢ò-5c   acc:0.8072289156626506   f1:0.8072289156626506   uf1:0.7906941516393327   uar:0.8006102693602694
[51, 2, 6, 4, 0]
[2, 21, 3, 5, 1]
[6, 9, 82, 2, 0]
[1, 1, 2, 23, 0]
[0, 2, 1, 1, 24]
casme¢ò-5c   acc:0.8393574297188755   f1:0.8393574297188755   uf1:0.8260746821139934   uar:0.8403649591149591
[53, 2, 6, 2, 0]
[1, 21, 3, 5, 2]
[6, 6, 84, 3, 0]
[1, 0, 0, 26, 0]
[1, 1, 1, 0, 25]
casme¢ò-5c   acc:0.8353413654618473   f1:0.8353413654618473   uf1:0.8321985199083681   uar:0.8455086580086579
[56, 0, 6, 1, 0]
[2, 22, 3, 3, 2]
[6, 11, 79, 3, 0]
[0, 0, 3, 24, 0]
[0, 0, 1, 0, 27]
casme¢ò-5c   acc:0.8112449799196787   f1:0.8112449799196787   uf1:0.8008183470675737   uar:0.8056697931697931
[50, 3, 9, 1, 0]
[0, 26, 3, 2, 1]
[9, 6, 82, 2, 0]
[2, 6, 2, 17, 0]
[0, 0, 0, 1, 27]
casme¢ò-5c   acc:0.8152610441767069   f1:0.8152610441767069   uf1:0.8036206757302464   uar:0.8098785473785475
[47, 4, 9, 2, 1]
[1, 26, 4, 0, 1]
[4, 6, 85, 3, 1]
[0, 6, 2, 19, 0]
[0, 1, 1, 0, 26]
casme¢ò-5c   acc:0.8514056224899599   f1:0.8514056224899599   uf1:0.8590486451307653   uar:0.8569294131794132
[55, 1, 7, 0, 0]
[1, 23, 7, 0, 1]
[7, 7, 83, 1, 1]
[1, 0, 1, 25, 0]
[0, 1, 1, 0, 26]
casme¢ò-5c   acc:0.8192771084337349   f1:0.819277108433735   uf1:0.821309137171206   uar:0.8403769841269841
[52, 5, 5, 1, 0]
[2, 25, 2, 2, 1]
[8, 11, 77, 3, 0]
[1, 1, 1, 24, 0]
[0, 0, 1, 1, 26]
casme¢ò-3c   acc:0.9423076923076923   f1:0.9423076923076923   uf1:0.9261050269904545   uar:0.9241071428571429
[93, 0, 3]
[3, 28, 1]
[1, 1, 26]
casme¢ò-3c   acc:0.9358974358974359   f1:0.9358974358974359   uf1:0.9173961840628507   uar:0.8983134920634921
[95, 0, 1]
[6, 26, 0]
[1, 2, 25]
casme¢ò-3c   acc:0.9166666666666666   f1:0.9166666666666666   uf1:0.8970653907496012   uar:0.8740079365079364
[94, 1, 1]
[7, 24, 1]
[3, 0, 25]
casme¢ò-3c   acc:0.9166666666666666   f1:0.9166666666666666   uf1:0.8986474918678309   uar:0.8809523809523809
[93, 1, 2]
[7, 25, 0]
[2, 1, 25]
casme¢ò-3c   acc:0.9102564102564102   f1:0.9102564102564102   uf1:0.8892948483741323   uar:0.9037698412698413
[88, 4, 4]
[2, 30, 0]
[1, 3, 24]
casme¢ò-3c   acc:0.9166666666666666   f1:0.9166666666666666   uf1:0.8979985201736304   uar:0.896329365079365
[91, 3, 2]
[5, 26, 1]
[1, 1, 26]
casme¢ò-3c   acc:0.9230769230769231   f1:0.9230769230769231   uf1:0.9021130307609218   uar:0.8943452380952381
[93, 0, 3]
[7, 24, 1]
[0, 1, 27]
casme¢ò-3c   acc:0.9102564102564102   f1:0.9102564102564102   uf1:0.8949922571920871   uar:0.9136904761904763
[87, 6, 3]
[2, 29, 1]
[1, 1, 26]
casme¢ò-3c   acc:0.9423076923076923   f1:0.9423076923076923   uf1:0.9341450484305116   uar:0.9325396825396827
[92, 1, 3]
[4, 28, 0]
[1, 0, 27]
casme¢ò-3c   acc:0.8910256410256411   f1:0.8910256410256411   uf1:0.8784690220174091   uar:0.8948412698412698
[85, 8, 3]
[3, 29, 0]
[2, 1, 25]
samm-5c   acc:0.75   f1:0.75   uf1:0.6761311954425298   uar:0.6722941970310392
[54, 0, 1, 2, 0]
[4, 7, 1, 0, 0]
[4, 1, 19, 1, 1]
[3, 3, 2, 13, 5]
[1, 3, 2, 0, 9]
samm-5c   acc:0.7426470588235294   f1:0.7426470588235294   uf1:0.6790704300828186   uar:0.6675708502024291
[49, 1, 2, 5, 0]
[3, 5, 1, 3, 0]
[2, 0, 22, 2, 0]
[4, 0, 2, 16, 4]
[0, 1, 5, 0, 9]
samm-5c   acc:0.7352941176470589   f1:0.735294117647059   uf1:0.6757976274606834   uar:0.6688529014844804
[49, 0, 4, 4, 0]
[3, 6, 2, 1, 0]
[3, 1, 20, 1, 1]
[2, 3, 2, 16, 3]
[0, 0, 5, 1, 9]
samm-5c   acc:0.7205882352941176   f1:0.7205882352941176   uf1:0.6407183212267957   uar:0.6277597840755736
[53, 1, 1, 1, 1]
[2, 5, 3, 2, 0]
[2, 1, 19, 3, 1]
[5, 1, 7, 12, 1]
[1, 1, 3, 1, 9]
samm-5c   acc:0.7132352941176471   f1:0.7132352941176471   uf1:0.651978881918581   uar:0.642442645074224
[49, 1, 3, 4, 0]
[3, 5, 2, 2, 0]
[4, 0, 18, 3, 1]
[1, 1, 4, 15, 5]
[2, 0, 1, 2, 10]
samm-5c   acc:0.7647058823529411   f1:0.7647058823529412   uf1:0.6884360534664795   uar:0.6756140350877193
[51, 0, 4, 2, 0]
[3, 3, 5, 1, 0]
[3, 0, 20, 2, 1]
[3, 0, 2, 19, 2]
[0, 0, 3, 1, 11]
samm-5c   acc:0.7352941176470589   f1:0.735294117647059   uf1:0.6588498568826437   uar:0.6398110661268556
[53, 0, 3, 1, 0]
[3, 4, 2, 3, 0]
[3, 1, 15, 5, 2]
[5, 1, 1, 18, 1]
[1, 0, 3, 1, 10]
samm-5c   acc:0.7352941176470589   f1:0.735294117647059   uf1:0.6705489647219571   uar:0.6571524966261808
[51, 0, 3, 2, 1]
[3, 5, 2, 2, 0]
[3, 1, 17, 3, 2]
[4, 0, 3, 17, 2]
[0, 1, 2, 2, 10]
samm-5c   acc:0.7279411764705882   f1:0.7279411764705882   uf1:0.659663507521085   uar:0.6607422402159244
[51, 1, 3, 1, 1]
[4, 5, 2, 1, 0]
[6, 2, 12, 4, 2]
[1, 3, 2, 19, 1]
[0, 1, 0, 2, 12]
samm-5c   acc:0.7279411764705882   f1:0.7279411764705882   uf1:0.6819942073430446   uar:0.6797165991902834
[51, 1, 4, 1, 0]
[2, 9, 1, 0, 0]
[3, 1, 18, 3, 1]
[4, 2, 6, 12, 2]
[3, 1, 1, 1, 9]
samm-3c   acc:0.8646616541353384   f1:0.8646616541353384   uf1:0.7788488414949377   uar:0.7684132292827944
[88, 2, 2]
[7, 16, 3]
[2, 2, 11]
samm-3c   acc:0.8646616541353384   f1:0.8646616541353384   uf1:0.7926767185230658   uar:0.7776105536975102
[87, 4, 1]
[7, 17, 2]
[2, 2, 11]
samm-3c   acc:0.849624060150376   f1:0.849624060150376   uf1:0.7653767274260632   uar:0.7611668524712004
[86, 3, 3]
[8, 16, 2]
[1, 3, 11]
samm-3c   acc:0.8796992481203008   f1:0.8796992481203008   uf1:0.8160400931609667   uar:0.8124489037532516
[86, 4, 2]
[5, 20, 1]
[1, 3, 11]
samm-3c   acc:0.8646616541353384   f1:0.8646616541353384   uf1:0.7759081196581196   uar:0.74041248606466
[89, 3, 0]
[7, 17, 2]
[4, 2, 9]
samm-3c   acc:0.8721804511278195   f1:0.8721804511278195   uf1:0.8144015436936813   uar:0.8182274247491638
[85, 4, 3]
[6, 19, 1]
[1, 2, 12]
samm-3c   acc:0.8646616541353384   f1:0.8646616541353384   uf1:0.8089695344597305   uar:0.786807878112226
[86, 6, 0]
[7, 18, 1]
[2, 2, 11]
samm-3c   acc:0.8721804511278195   f1:0.8721804511278195   uf1:0.8195970695970697   uar:0.8180230397621702
[84, 7, 1]
[4, 21, 1]
[2, 2, 11]
samm-3c   acc:0.8872180451127819   f1:0.8872180451127819   uf1:0.8220242914979757   uar:0.7882757339279078
[89, 3, 0]
[6, 19, 1]
[3, 2, 10]
samm-3c   acc:0.8796992481203008   f1:0.8796992481203008   uf1:0.8318165784832452   uar:0.8032515793385359
[87, 4, 1]
[7, 19, 0]
[3, 1, 11]
smic-3c   acc:0.7926829268292683   f1:0.7926829268292683   uf1:0.7929840505875426   uar:0.7982085857598853
[53, 10, 7]
[6, 42, 3]
[5, 3, 35]
smic-3c   acc:0.7682926829268293   f1:0.7682926829268293   uf1:0.7680076628352491   uar:0.7655266757865937
[56, 7, 7]
[12, 36, 3]
[7, 2, 34]
smic-3c   acc:0.7804878048780488   f1:0.7804878048780488   uf1:0.7831896898689027   uar:0.7773825809393525
[56, 9, 5]
[11, 39, 1]
[8, 2, 33]
smic-3c   acc:0.8109756097560976   f1:0.8109756097560975   uf1:0.8130708640357329   uar:0.8090460990597789
[60, 8, 2]
[13, 35, 3]
[5, 0, 38]
smic-3c   acc:0.7926829268292683   f1:0.7926829268292683   uf1:0.8010990761819121   uar:0.8024146092545545
[52, 14, 4]
[9, 41, 1]
[6, 0, 37]
smic-3c   acc:0.7621951219512195   f1:0.7621951219512195   uf1:0.7508129179894801   uar:0.7393763707033201
[65, 1, 4]
[18, 29, 4]
[10, 2, 31]
smic-3c   acc:0.7987804878048781   f1:0.7987804878048782   uf1:0.8023326572008114   uar:0.8059605237443814
[53, 11, 6]
[7, 42, 2]
[6, 1, 36]
smic-3c   acc:0.7682926829268293   f1:0.7682926829268293   uf1:0.7716518884287282   uar:0.7673007187371073
[55, 8, 7]
[12, 37, 2]
[9, 0, 34]
smic-3c   acc:0.7804878048780488   f1:0.7804878048780488   uf1:0.7836817485614936   uar:0.7798145614835081
[56, 9, 5]
[12, 37, 2]
[7, 1, 35]
smic-3c   acc:0.7682926829268293   f1:0.7682926829268293   uf1:0.7659356725146198   uar:0.7559985234403839
[60, 6, 4]
[16, 34, 1]
[6, 5, 32]
full-3c   acc:0.8852097130242825   f1:0.8852097130242825   uf1:0.8674784953327178   uar:0.8592916577768296
[243, 11, 4]
[21, 82, 6]
[7, 3, 76]
full-3c   acc:0.8830022075055187   f1:0.8830022075055186   uf1:0.863141258590665   uar:0.86493374108053
[239, 8, 11]
[18, 83, 8]
[5, 3, 78]
full-3c   acc:0.8852097130242825   f1:0.8852097130242825   uf1:0.863617466221795   uar:0.8617452528269682
[243, 6, 9]
[23, 79, 7]
[2, 5, 79]
full-3c   acc:0.891832229580574   f1:0.891832229580574   uf1:0.8756608112272716   uar:0.8756608112272716
[238, 13, 7]
[12, 92, 5]
[8, 4, 74]
full-3c   acc:0.891832229580574   f1:0.891832229580574   uf1:0.8773791720336214   uar:0.8694142189981746
[242, 8, 8]
[20, 87, 2]
[7, 4, 75]
full-3c   acc:0.8741721854304636   f1:0.8741721854304636   uf1:0.8589435770775459   uar:0.8575729559301141
[233, 13, 12]
[16, 92, 1]
[10, 5, 71]
full-3c   acc:0.8830022075055187   f1:0.8830022075055186   uf1:0.8629468390693287   uar:0.863428395325131
[238, 12, 8]
[14, 88, 7]
[7, 5, 74]
full-3c   acc:0.8785871964679912   f1:0.8785871964679912   uf1:0.8594247201226607   uar:0.8511959794229904
[241, 10, 7]
[20, 84, 5]
[9, 4, 73]
full-3c   acc:0.9072847682119205   f1:0.9072847682119205   uf1:0.8909876840911325   uar:0.888794063959415
[245, 8, 5]
[16, 87, 6]
[3, 4, 79]
full-3c   acc:0.8984547461368654   f1:0.8984547461368654   uf1:0.87996408956485   uar:0.8749259180238486
[245, 6, 7]
[18, 85, 6]
[5, 4, 77]
