casme¢ò-5c   acc:0.8072289156626506   f1:0.8072289156626506   uf1:0.8110302347798495   uar:0.8185455747955748
[55, 2, 5, 0, 1]
[3, 23, 4, 1, 1]
[12, 7, 75, 3, 2]
[0, 1, 4, 22, 0]
[0, 0, 2, 0, 26]
casme¢ò-5c   acc:0.8112449799196787   f1:0.8112449799196787   uf1:0.7873715826657004   uar:0.7896645021645021
[55, 1, 6, 1, 0]
[0, 22, 5, 3, 2]
[8, 5, 82, 4, 0]
[0, 8, 1, 18, 0]
[0, 0, 2, 1, 25]
casme¢ò-5c   acc:0.8393574297188755   f1:0.8393574297188755   uf1:0.84036232127687   uar:0.8326659451659453
[52, 2, 9, 0, 0]
[2, 22, 7, 0, 1]
[7, 3, 86, 3, 0]
[0, 2, 1, 24, 0]
[0, 0, 2, 1, 25]
casme¢ò-5c   acc:0.8393574297188755   f1:0.8393574297188755   uf1:0.8256856813924877   uar:0.8279280904280902
[57, 5, 1, 0, 0]
[4, 22, 4, 1, 1]
[9, 5, 83, 2, 0]
[0, 1, 2, 23, 1]
[0, 0, 2, 2, 24]
casme¢ò-5c   acc:0.8313253012048193   f1:0.8313253012048193   uf1:0.8339831752628937   uar:0.8351611351611352
[55, 0, 6, 1, 1]
[2, 24, 3, 2, 1]
[14, 2, 80, 3, 0]
[1, 3, 0, 23, 0]
[0, 0, 3, 0, 25]
casme¢ò-5c   acc:0.8232931726907631   f1:0.8232931726907632   uf1:0.7948267341954527   uar:0.790337902837903
[55, 1, 6, 1, 0]
[1, 22, 5, 2, 2]
[5, 4, 86, 4, 0]
[2, 5, 3, 17, 0]
[2, 0, 0, 1, 25]
casme¢ò-5c   acc:0.8353413654618473   f1:0.8353413654618473   uf1:0.8258060778365384   uar:0.8215488215488216
[55, 1, 6, 1, 0]
[2, 24, 5, 0, 1]
[8, 2, 84, 5, 0]
[1, 1, 2, 22, 1]
[0, 2, 2, 1, 23]
casme¢ò-5c   acc:0.8634538152610441   f1:0.8634538152610441   uf1:0.8552430706280523   uar:0.8597823472823475
[55, 4, 4, 0, 0]
[2, 26, 1, 2, 1]
[8, 3, 86, 1, 1]
[0, 3, 1, 23, 0]
[0, 0, 2, 1, 25]
casme¢ò-5c   acc:0.8393574297188755   f1:0.8393574297188755   uf1:0.8322864420062697   uar:0.8417448292448293
[55, 1, 7, 0, 0]
[2, 26, 1, 2, 1]
[7, 4, 81, 5, 2]
[1, 2, 4, 20, 0]
[0, 0, 0, 1, 27]
casme¢ò-5c   acc:0.8232931726907631   f1:0.8232931726907632   uf1:0.7914953102453103   uar:0.7914953102453103
[55, 1, 7, 0, 0]
[0, 21, 5, 5, 1]
[7, 2, 86, 3, 1]
[1, 6, 1, 18, 1]
[0, 2, 0, 1, 25]
casme¢ò-3c   acc:0.9294871794871795   f1:0.9294871794871795   uf1:0.9133784478612065   uar:0.896329365079365
[94, 1, 1]
[6, 25, 1]
[2, 0, 26]
casme¢ò-3c   acc:0.9102564102564102   f1:0.9102564102564102   uf1:0.8928831641946395   uar:0.8844246031746031
[91, 3, 2]
[5, 26, 1]
[3, 0, 25]
casme¢ò-3c   acc:0.8974358974358975   f1:0.8974358974358975   uf1:0.8827352395573467   uar:0.8774801587301587
[89, 6, 1]
[6, 26, 0]
[2, 1, 25]
casme¢ò-3c   acc:0.9102564102564102   f1:0.9102564102564102   uf1:0.8938589643507676   uar:0.8859126984126983
[91, 4, 1]
[6, 25, 1]
[2, 0, 26]
casme¢ò-3c   acc:0.9294871794871795   f1:0.9294871794871795   uf1:0.9146186356993325   uar:0.9131944444444445
[92, 1, 3]
[6, 25, 1]
[0, 0, 28]
casme¢ò-3c   acc:0.9166666666666666   f1:0.9166666666666666   uf1:0.9021357489050855   uar:0.8864087301587302
[92, 0, 4]
[5, 27, 0]
[4, 0, 24]
casme¢ò-3c   acc:0.9230769230769231   f1:0.9230769230769231   uf1:0.9016926920152727   uar:0.8814484126984127
[94, 1, 1]
[5, 27, 0]
[3, 2, 23]
casme¢ò-3c   acc:0.9358974358974359   f1:0.9358974358974359   uf1:0.9258503401360544   uar:0.9136904761904763
[93, 1, 2]
[5, 27, 0]
[2, 0, 26]
casme¢ò-3c   acc:0.9102564102564102   f1:0.9102564102564102   uf1:0.896031746031746   uar:0.8844246031746031
[91, 2, 3]
[6, 26, 0]
[3, 0, 25]
casme¢ò-3c   acc:0.9294871794871795   f1:0.9294871794871795   uf1:0.9159975929181119   uar:0.910218253968254
[92, 3, 1]
[4, 27, 1]
[2, 0, 26]
samm-5c   acc:0.8235294117647058   f1:0.8235294117647058   uf1:0.7696833216045038   uar:0.7431578947368421
[56, 0, 1, 0, 0]
[0, 6, 3, 1, 2]
[3, 0, 20, 2, 1]
[4, 0, 3, 19, 0]
[0, 0, 3, 1, 11]
samm-5c   acc:0.7647058823529411   f1:0.7647058823529412   uf1:0.6618112859390333   uar:0.650080971659919
[56, 0, 1, 0, 0]
[0, 5, 4, 2, 1]
[2, 1, 19, 3, 1]
[0, 1, 6, 17, 2]
[0, 1, 2, 5, 7]
samm-5c   acc:0.8088235294117647   f1:0.8088235294117648   uf1:0.7768137035378414   uar:0.7630634278002699
[54, 0, 1, 1, 1]
[0, 9, 0, 3, 0]
[4, 0, 21, 1, 0]
[1, 0, 9, 15, 1]
[0, 1, 1, 2, 11]
samm-5c   acc:0.8382352941176471   f1:0.8382352941176471   uf1:0.8098433132354252   uar:0.7938326585695007
[54, 0, 0, 1, 2]
[0, 9, 1, 2, 0]
[6, 1, 16, 3, 0]
[1, 0, 1, 24, 0]
[1, 0, 2, 1, 11]
samm-5c   acc:0.8014705882352942   f1:0.8014705882352942   uf1:0.7357187758478081   uar:0.7219568151147098
[55, 0, 1, 1, 0]
[0, 7, 2, 1, 2]
[4, 0, 17, 3, 2]
[1, 0, 1, 21, 3]
[0, 1, 3, 2, 9]
samm-5c   acc:0.7941176470588235   f1:0.7941176470588235   uf1:0.7485407759941921   uar:0.7395546558704453
[53, 0, 3, 0, 1]
[0, 7, 5, 0, 0]
[1, 1, 17, 3, 4]
[4, 0, 2, 19, 1]
[0, 0, 2, 1, 12]
samm-5c   acc:0.8014705882352942   f1:0.8014705882352942   uf1:0.7179833450995574   uar:0.6923076923076923
[57, 0, 0, 0, 0]
[1, 4, 4, 2, 1]
[3, 0, 19, 3, 1]
[4, 0, 2, 19, 1]
[1, 0, 3, 1, 10]
samm-5c   acc:0.8088235294117647   f1:0.8088235294117648   uf1:0.7696127443075278   uar:0.7582726045883941
[53, 2, 0, 1, 1]
[0, 8, 2, 2, 0]
[5, 1, 18, 2, 0]
[2, 1, 3, 20, 0]
[0, 0, 2, 2, 11]
samm-5c   acc:0.7794117647058824   f1:0.7794117647058824   uf1:0.6999779013099926   uar:0.6892982456140351
[53, 0, 0, 4, 0]
[0, 5, 4, 3, 0]
[1, 1, 19, 2, 3]
[2, 1, 2, 20, 1]
[0, 0, 4, 2, 9]
samm-5c   acc:0.7867647058823529   f1:0.7867647058823529   uf1:0.7175860922081527   uar:0.7059649122807018
[53, 0, 1, 1, 2]
[0, 6, 2, 2, 2]
[5, 0, 16, 3, 2]
[1, 0, 0, 23, 2]
[1, 1, 2, 2, 9]
samm-3c   acc:0.9022556390977443   f1:0.9022556390977443   uf1:0.8406332229861642   uar:0.8233184689706429
[89, 3, 0]
[4, 20, 2]
[2, 2, 11]
samm-3c   acc:0.8947368421052632   f1:0.8947368421052632   uf1:0.8366243075920495   uar:0.8102935711631364
[88, 4, 0]
[5, 21, 0]
[1, 4, 10]
samm-3c   acc:0.9097744360902256   f1:0.9097744360902256   uf1:0.838835819227976   uar:0.8083426235600149
[91, 1, 0]
[5, 20, 1]
[1, 4, 10]
samm-3c   acc:0.9097744360902256   f1:0.9097744360902256   uf1:0.8635737493823648   uar:0.845540691192865
[89, 2, 1]
[5, 20, 1]
[2, 1, 12]
samm-3c   acc:0.9097744360902256   f1:0.9097744360902256   uf1:0.8477203647416413   uar:0.82694165737644
[90, 1, 1]
[5, 20, 1]
[1, 3, 11]
samm-3c   acc:0.9022556390977443   f1:0.9022556390977443   uf1:0.8406332229861642   uar:0.8233184689706429
[89, 2, 1]
[5, 20, 1]
[1, 3, 11]
samm-3c   acc:0.9022556390977443   f1:0.9022556390977443   uf1:0.8464204469423257   uar:0.8139167595689334
[89, 3, 0]
[5, 21, 0]
[2, 3, 10]
samm-3c   acc:0.8947368421052632   f1:0.8947368421052632   uf1:0.8409851631417856   uar:0.8107023411371238
[90, 2, 0]
[8, 17, 1]
[1, 2, 12]
samm-3c   acc:0.8872180451127819   f1:0.8872180451127819   uf1:0.8330400782013685   uar:0.8066703827573393
[87, 5, 0]
[5, 21, 0]
[2, 3, 10]
samm-3c   acc:0.8796992481203008   f1:0.8796992481203008   uf1:0.8062888198757764   uar:0.7756596060943887
[90, 2, 0]
[8, 16, 2]
[2, 2, 11]
smic-3c   acc:0.7865853658536586   f1:0.7865853658536586   uf1:0.7835034013605441   uar:0.774390376305561
[60, 6, 4]
[11, 38, 2]
[9, 3, 31]
smic-3c   acc:0.774390243902439   f1:0.7743902439024389   uf1:0.7759734093067426   uar:0.7856969144246846
[49, 12, 9]
[5, 43, 3]
[6, 2, 35]
smic-3c   acc:0.7865853658536586   f1:0.7865853658536586   uf1:0.7841344674765315   uar:0.7709421753197403
[64, 1, 5]
[19, 31, 1]
[8, 1, 34]
smic-3c   acc:0.8109756097560976   f1:0.8109756097560975   uf1:0.8096587622903413   uar:0.8006340520704406
[62, 3, 5]
[11, 37, 3]
[9, 0, 34]
smic-3c   acc:0.7804878048780488   f1:0.7804878048780488   uf1:0.7823051959857974   uar:0.7774824658545589
[58, 6, 6]
[16, 34, 1]
[5, 2, 36]
smic-3c   acc:0.774390243902439   f1:0.7743902439024389   uf1:0.7698954094381382   uar:0.7566542896228259
[64, 3, 3]
[20, 30, 1]
[7, 3, 33]
smic-3c   acc:0.7987804878048781   f1:0.7987804878048782   uf1:0.7976136407118485   uar:0.7928842854971446
[59, 4, 7]
[10, 38, 3]
[8, 1, 34]
smic-3c   acc:0.7865853658536586   f1:0.7865853658536586   uf1:0.7877465000752673   uar:0.7882244370616464
[57, 5, 8]
[15, 34, 2]
[4, 1, 38]
smic-3c   acc:0.7804878048780488   f1:0.7804878048780488   uf1:0.7814175242746672   uar:0.7804724990771502
[57, 5, 8]
[14, 34, 3]
[6, 0, 37]
smic-3c   acc:0.7926829268292683   f1:0.7926829268292683   uf1:0.788838143600387   uar:0.7762621327600808
[64, 3, 3]
[16, 33, 2]
[8, 2, 33]
full-3c   acc:0.8807947019867549   f1:0.8807947019867549   uf1:0.8673549866845051   uar:0.8732901879904227
[233, 13, 12]
[18, 87, 4]
[4, 3, 79]
full-3c   acc:0.9050772626931567   f1:0.9050772626931568   uf1:0.8896749721075766   uar:0.8929308015077163
[240, 9, 9]
[11, 93, 5]
[5, 4, 77]
full-3c   acc:0.8852097130242825   f1:0.8852097130242825   uf1:0.8674670739943892   uar:0.8692008629068582
[236, 12, 10]
[13, 92, 4]
[7, 6, 73]

full-3c   acc:0.9006622516556292   f1:0.9006622516556292   uf1:0.8886735198663844   uar:0.893061185785743
[236, 13, 9]
[10, 96, 3]
[7, 3, 76]
full-3c   acc:0.8807947019867549   f1:0.8807947019867549   uf1:0.8644252018881148   uar:0.8628238863997346
[238, 9, 11]
[19, 84, 6]
[8, 1, 77]
full-3c   acc:0.8874172185430463   f1:0.8874172185430463   uf1:0.8693822280778803   uar:0.8800109048668895
[233, 12, 13]
[7, 93, 9]
[8, 2, 76]
full-3c   acc:0.8984547461368654   f1:0.8984547461368654   uf1:0.8856766048051318   uar:0.8819903752696584
[241, 4, 13]
[17, 89, 3]
[8, 1, 77]
full-3c   acc:0.8940397350993378   f1:0.8940397350993377   uf1:0.878922111480251   uar:0.8819903752696584
[238, 10, 10]
[14, 89, 6]
[6, 2, 78]
full-3c   acc:0.8852097130242825   f1:0.8852097130242825   uf1:0.8646480976524265   uar:0.8698883436455445
[237, 11, 10]
[12, 88, 9]
[6, 4, 76]
full-3c   acc:0.9072847682119205   f1:0.9072847682119205   uf1:0.8932069170405885   uar:0.8853922196145367
[246, 5, 7]
[17, 88, 4]
[7, 2, 77]
full-3c   acc:0.891832229580574   f1:0.891832229580574   uf1:0.8771804624116003   uar:0.8850484792451936
[235, 11, 12]
[12, 90, 7]
[6, 1, 79]
full-3c   acc:0.9116997792494481   f1:0.9116997792494481   uf1:0.9002304437725882   uar:0.9046890927624872
[239, 11, 8]
[9, 96, 4]
[6, 2, 78]
full-3c   acc:0.8940397350993378   f1:0.8940397350993377   uf1:0.8775548409421902   uar:0.8803546452362326
[238, 10, 10]
[12, 91, 6]
[7, 3, 76]



cbam

casme¢ò-5c   acc:0.8232931726907631   f1:0.8232931726907632   uf1:0.8078407173827022   uar:0.8291967291967293
[58, 1, 3, 1, 0]
[2, 24, 0, 5, 1]
[8, 8, 76, 7, 0]
[0, 1, 2, 22, 2]
[0, 0, 2, 1, 25]
casme¢ò-5c   acc:0.8473895582329317   f1:0.8473895582329318   uf1:0.8277369139269262   uar:0.8273388648388649
[57, 4, 2, 0, 0]
[1, 26, 3, 1, 1]
[7, 4, 85, 3, 0]
[0, 2, 6, 19, 0]
[0, 1, 0, 3, 24]
casme¢ò-5c   acc:0.8353413654618473   f1:0.8353413654618473   uf1:0.8164269959895133   uar:0.8109126984126984
[52, 1, 8, 2, 0]
[1, 26, 3, 1, 1]
[3, 5, 88, 3, 0]
[0, 3, 2, 21, 1]
[0, 0, 5, 2, 21]
casme¢ò-5c   acc:0.8433734939759037   f1:0.8433734939759037   uf1:0.8376449667153812   uar:0.830678811928812
[54, 1, 8, 0, 0]
[3, 27, 2, 0, 0]
[6, 5, 85, 3, 0]
[1, 4, 5, 17, 0]
[0, 0, 1, 0, 27]
casme¢ò-5c   acc:0.8514056224899599   f1:0.8514056224899599   uf1:0.8338996106575743   uar:0.83987493987494
[55, 2, 5, 1, 0]
[3, 24, 1, 3, 1]
[5, 4, 86, 4, 0]
[1, 1, 2, 22, 1]
[0, 0, 1, 2, 25]
casme¢ò-5c   acc:0.8353413654618473   f1:0.8353413654618473   uf1:0.8263378730956313   uar:0.8434613997113998
[55, 3, 4, 1, 0]
[1, 23, 4, 4, 0]
[6, 7, 80, 6, 0]
[2, 1, 0, 24, 0]
[0, 0, 0, 2, 26]
casme¢ò-5c   acc:0.8353413654618473   f1:0.8353413654618473   uf1:0.8256340113786921   uar:0.8335738335738336
[57, 1, 5, 0, 0]
[0, 24, 3, 4, 1]
[9, 9, 80, 1, 0]
[1, 6, 0, 20, 0]
[0, 0, 1, 0, 27]
casme¢ò-5c   acc:0.8554216867469879   f1:0.8554216867469879   uf1:0.8387774657026121   uar:0.84612493987494
[55, 5, 3, 0, 0]
[1, 25, 4, 1, 1]
[3, 5, 86, 4, 1]
[3, 0, 2, 22, 0]
[0, 0, 0, 3, 25]
casme¢ò-5c   acc:0.8353413654618473   f1:0.8353413654618473   uf1:0.8338301943831897   uar:0.8461489898989898
[50, 1, 11, 1, 0]
[1, 25, 2, 3, 1]
[5, 4, 83, 7, 0]
[1, 2, 0, 24, 0]
[0, 1, 1, 0, 26]
casme¢ò-5c   acc:0.8594377510040161   f1:0.8594377510040161   uf1:0.8511815770436459   uar:0.8600739538239539
[56, 2, 5, 0, 0]
[1, 25, 3, 2, 1]
[8, 3, 84, 4, 0]
[0, 2, 0, 24, 1]
[0, 1, 1, 1, 25]
casme¢ò-3c   acc:0.9551282051282052   f1:0.9551282051282052   uf1:0.9454621401989822   uar:0.9518849206349206
[92, 3, 1]
[0, 31, 1]
[2, 0, 26]
casme¢ò-3c   acc:0.9423076923076923   f1:0.9423076923076923   uf1:0.929757120391403   uar:0.9255952380952381
[93, 0, 3]
[4, 27, 1]
[1, 0, 27]
casme¢ò-3c   acc:0.9294871794871795   f1:0.9294871794871795   uf1:0.9164384226884227   uar:0.9156746031746031
[91, 4, 1]
[2, 29, 1]
[3, 0, 25]
casme¢ò-3c   acc:0.9102564102564102   f1:0.9102564102564102   uf1:0.8975682164504786   uar:0.9136904761904763
[87, 5, 4]
[3, 29, 0]
[1, 1, 26]
casme¢ò-3c   acc:0.9294871794871795   f1:0.9294871794871795   uf1:0.9150017774617846   uar:0.910218253968254
[92, 1, 3]
[4, 27, 1]
[2, 0, 26]
casme¢ò-3c   acc:0.9038461538461539   f1:0.9038461538461539   uf1:0.8958674195031707   uar:0.9226190476190476
[84, 9, 3]
[0, 32, 0]
[3, 0, 25]
casme¢ò-3c   acc:0.9423076923076923   f1:0.9423076923076923   uf1:0.9222577714579137   uar:0.9186507936507936
[94, 1, 1]
[4, 26, 2]
[0, 1, 27]
casme¢ò-3c   acc:0.9102564102564102   f1:0.9102564102564102   uf1:0.8903488668194551   uar:0.9037698412698413
[88, 5, 3]
[2, 30, 0]
[1, 3, 24]
casme¢ò-3c   acc:0.9294871794871795   f1:0.9294871794871795   uf1:0.9091318038686459   uar:0.9156746031746031
[91, 2, 3]
[2, 29, 1]
[1, 2, 25]
casme¢ò-3c   acc:0.9358974358974359   f1:0.9358974358974359   uf1:0.9200973689059575   uar:0.8928571428571429
[96, 0, 0]
[8, 24, 0]
[1, 1, 26]
samm-5c   acc:0.7941176470588235   f1:0.7941176470588235   uf1:0.7519412120565103   uar:0.733306342780027
[51, 0, 4, 1, 1]
[2, 6, 3, 1, 0]
[4, 1, 19, 1, 1]
[2, 0, 2, 21, 1]
[0, 0, 3, 1, 11]
samm-5c   acc:0.7794117647058824   f1:0.7794117647058824   uf1:0.743243664717349   uar:0.7268960863697707
[51, 1, 2, 3, 0]
[0, 7, 1, 4, 0]
[3, 1, 21, 1, 0]
[3, 0, 6, 16, 1]
[0, 0, 4, 0, 11]
samm-5c   acc:0.7720588235294118   f1:0.7720588235294118   uf1:0.6971925821925822   uar:0.7060458839406207
[52, 1, 1, 2, 1]
[0, 6, 3, 3, 0]
[1, 3, 15, 2, 5]
[1, 0, 1, 21, 3]
[0, 0, 2, 2, 11]
samm-5c   acc:0.7867647058823529   f1:0.7867647058823529   uf1:0.7082544017247574   uar:0.6844399460188935
[56, 0, 1, 0, 0]
[2, 5, 4, 1, 0]
[4, 0, 21, 1, 0]
[2, 1, 6, 16, 1]
[0, 2, 2, 2, 9]
samm-5c   acc:0.7647058823529411   f1:0.7647058823529412   uf1:0.7154058254880901   uar:0.6828879892037787
[53, 0, 4, 0, 0]
[2, 6, 2, 2, 0]
[5, 1, 18, 1, 1]
[1, 0, 7, 18, 0]
[1, 0, 3, 2, 9]
samm-5c   acc:0.7941176470588235   f1:0.7941176470588235   uf1:0.7350076156322903   uar:0.7347638326585695
[52, 0, 1, 2, 2]
[2, 6, 3, 1, 0]
[1, 2, 19, 2, 2]
[1, 0, 3, 19, 3]
[0, 0, 2, 1, 12]
samm-5c   acc:0.7794117647058824   f1:0.7794117647058824   uf1:0.7157842920676019   uar:0.7047638326585696
[52, 1, 4, 0, 0]
[1, 5, 2, 3, 1]
[4, 0, 19, 3, 0]
[1, 0, 2, 19, 4]
[0, 0, 3, 1, 11]
samm-5c   acc:0.8014705882352942   f1:0.8014705882352942   uf1:0.7360422128117229   uar:0.7236572199730096
[53, 0, 3, 1, 0]
[3, 5, 3, 1, 0]
[2, 1, 18, 4, 1]
[1, 0, 1, 22, 2]
[0, 1, 3, 0, 11]
samm-5c   acc:0.7941176470588235   f1:0.7941176470588235   uf1:0.7328623138492745   uar:0.710323886639676
[53, 0, 3, 0, 1]
[0, 5, 4, 1, 2]
[2, 0, 20, 4, 0]
[2, 0, 4, 20, 0]
[1, 0, 4, 0, 10]
samm-5c   acc:0.8455882352941176   f1:0.8455882352941176   uf1:0.8123241027631076   uar:0.8069230769230769
[57, 0, 0, 0, 0]
[0, 11, 0, 0, 1]
[5, 1, 16, 4, 0]
[2, 1, 1, 20, 2]
[0, 0, 4, 0, 11]
samm-3c   acc:0.8872180451127819   f1:0.8872180451127819   uf1:0.815951615951616   uar:0.7974730583426236
[88, 4, 0]
[5, 20, 1]
[0, 5, 10]
samm-3c   acc:0.8796992481203008   f1:0.8796992481203008   uf1:0.8130840469261423   uar:0.8124489037532516
[86, 5, 1]
[4, 20, 2]
[1, 3, 11]
samm-3c   acc:0.9172932330827067   f1:0.9172932330827067   uf1:0.8625451625853072   uar:0.8303604607952434
[90, 2, 0]
[4, 22, 0]
[2, 3, 10]
samm-3c   acc:0.8571428571428571   f1:0.8571428571428571   uf1:0.7790457123790456   uar:0.7645856558900036
[86, 5, 1]
[7, 18, 1]
[0, 5, 10]
samm-3c   acc:0.9097744360902256   f1:0.9097744360902256   uf1:0.8523297491039427   uar:0.845540691192865
[89, 2, 1]
[4, 20, 2]
[1, 2, 12]
samm-3c   acc:0.8721804511278195   f1:0.8721804511278195   uf1:0.8181599912692351   uar:0.8090301003344482
[86, 4, 2]
[7, 18, 1]
[2, 1, 12]
samm-3c   acc:0.8646616541353384   f1:0.8646616541353384   uf1:0.7764018123213524   uar:0.7590115198810851
[88, 2, 2]
[7, 17, 2]
[2, 3, 10]
samm-3c   acc:0.8872180451127819   f1:0.8872180451127819   uf1:0.807031408308004   uar:0.7882757339279078
[89, 1, 2]
[6, 19, 1]
[1, 4, 10]
samm-3c   acc:0.8646616541353384   f1:0.8646616541353384   uf1:0.7973995271867613   uar:0.7870122630992196
[87, 5, 0]
[7, 16, 3]
[2, 1, 12]
samm-3c   acc:0.8721804511278195   f1:0.8721804511278195   uf1:0.7966216789746201   uar:0.7810293571163136
[87, 3, 2]
[6, 19, 1]
[2, 3, 10]
smic-3c   acc:0.8170731707317073   f1:0.8170731707317073   uf1:0.8188832054560954   uar:0.8256682517968428
[55, 8, 7]
[8, 40, 3]
[3, 1, 39]
smic-3c   acc:0.774390243902439   f1:0.7743902439024389   uf1:0.7741729170300599   uar:0.7715045708205763
[57, 3, 10]
[13, 35, 3]
[7, 1, 35]
smic-3c   acc:0.7865853658536586   f1:0.7865853658536586   uf1:0.7899651724525335   uar:0.7828024232948994
[58, 5, 7]
[14, 36, 1]
[8, 0, 35]
smic-3c   acc:0.7926829268292683   f1:0.7926829268292683   uf1:0.7946370048465713   uar:0.8029726619329902
[51, 12, 7]
[5, 43, 3]
[5, 2, 36]
smic-3c   acc:0.8109756097560976   f1:0.8109756097560975   uf1:0.8115658850952969   uar:0.815484333268191
[55, 9, 6]
[6, 42, 3]
[5, 2, 36]
smic-3c   acc:0.7987804878048781   f1:0.7987804878048782   uf1:0.7993626037104299   uar:0.7953162660413002
[59, 4, 7]
[13, 36, 2]
[6, 1, 36]
smic-3c   acc:0.7926829268292683   f1:0.7926829268292683   uf1:0.7872682872682873   uar:0.7841161270709834
[63, 4, 3]
[18, 29, 4]
[5, 0, 38]
full-3c   acc:0.9028697571743929   f1:0.9028697571743929   uf1:0.8861726369519642   uar:0.8942227911717989
[238, 9, 11]
[7, 93, 9]
[7, 1, 78]
full-3c   acc:0.8962472406181016   f1:0.8962472406181016   uf1:0.883442881330084   uar:0.8914254557523172
[233, 14, 11]
[7, 98, 4]
[9, 2, 75]
full-3c   acc:0.8984547461368654   f1:0.8984547461368654   uf1:0.8823752516994122   uar:0.8760045515966147
[243, 8, 7]
[16, 90, 3]
[7, 5, 74]
full-3c   acc:0.8984547461368654   f1:0.8984547461368654   uf1:0.8815425201616671   uar:0.8900030818102079
[236, 12, 10]
[8, 95, 6]
[5, 5, 76]
full-3c   acc:0.8940397350993378   f1:0.8940397350993377   uf1:0.8707514258922794   uar:0.8724723229737098
[242, 7, 9]
[12, 88, 9]
[5, 6, 75]
full-3c   acc:0.9006622516556292   f1:0.9006622516556292   uf1:0.8884609852571018   uar:0.8903468221795509
[238, 11, 9]
[13, 93, 3]
[6, 3, 77]
full-3c   acc:0.8962472406181016   f1:0.8962472406181016   uf1:0.8837386579343439   uar:0.8745821776545054
[243, 8, 7]
[19, 87, 3]
[9, 1, 76]
full-3c   acc:0.9006622516556292   f1:0.9006622516556292   uf1:0.8847296635215652   uar:0.8798805205888628
[243, 6, 9]
[14, 90, 5]
[9, 2, 75]
full-3c   acc:0.9050772626931567   f1:0.9050772626931568   uf1:0.8882271160311088   uar:0.8850484792451936
[244, 6, 8]
[14, 90, 5]
[6, 4, 76]
full-3c   acc:0.9028697571743929   f1:0.9028697571743929   uf1:0.8849973664605705   uar:0.8796671644975463
[243, 6, 9]
[11, 95, 3]
[10, 5, 71]
full-3c   acc:0.891832229580574   f1:0.891832229580574   uf1:0.874806940121258   uar:0.87906265557215
[237, 11, 10]
[12, 91, 6]
[6, 4, 76]
full-3c   acc:0.891832229580574   f1:0.891832229580574   uf1:0.8777230432402846   uar:0.8745821776545054
[240, 12, 6]
[17, 87, 5]
[7, 2, 77]
full-3c   acc:0.891832229580574   f1:0.891832229580574   uf1:0.878527878740336   uar:0.8904772064575778
[231, 17, 10]
[10, 96, 3]
[2, 7, 77]
full-3c   acc:0.8874172185430463   f1:0.8874172185430463   uf1:0.8696044496691048   uar:0.8730768318991062
[236, 12, 10]
[13, 92, 4]
[5, 7, 74]
full-3c   acc:0.8852097130242825   f1:0.8852097130242825   uf1:0.8644559709738994   uar:0.8716544579569968
[236, 9, 13]
[11, 89, 9]
[6, 4, 76]
full-3c   acc:0.8940397350993378   f1:0.8940397350993377   uf1:0.8815550857411322   uar:0.8788492994808336
[237, 16, 5]
[11, 96, 2]
[10, 4, 72]
full-3c   acc:0.9006622516556292   f1:0.9006622516556292   uf1:0.8860619486784337   uar:0.8946969158191688
[236, 12, 10]
[9, 94, 6]
[5, 3, 78]
full-3c   acc:0.8984547461368654   f1:0.8984547461368654   uf1:0.8777521844388708   uar:0.8777706659080673
[242, 10, 6]
[10, 91, 8]
[7, 5, 74]
full-3c   acc:0.8940397350993378   f1:0.8940397350993377   uf1:0.8770233577261605   uar:0.8829386245643981
[237, 11, 10]
[10, 91, 8]
[7, 2, 77]
full-3c   acc:0.9094922737306843   f1:0.9094922737306844   uf1:0.8970606154638509   uar:0.8999952587535264
[239, 10, 9]
[9, 97, 3]
[7, 3, 76]



se

casme¢ò-5c   acc:0.8393574297188755   f1:0.8393574297188755   uf1:0.8290104870836738   uar:0.8420063732563733
[56, 2, 4, 1, 0]
[0, 27, 1, 3, 1]
[12, 4, 80, 2, 1]
[0, 5, 2, 20, 0]
[0, 1, 0, 1, 26]
casme¢ò-5c   acc:0.8393574297188755   f1:0.8393574297188755   uf1:0.8315360334110334   uar:0.8270352332852331
[57, 1, 5, 0, 0]
[0, 23, 6, 2, 1]
[7, 6, 83, 3, 0]
[1, 3, 0, 23, 0]
[0, 0, 5, 0, 23]
casme¢ò-5c   acc:0.8112449799196787   f1:0.8112449799196787   uf1:0.8018514251575735   uar:0.8018278018278018
[54, 0, 9, 0, 0]
[0, 24, 5, 2, 1]
[10, 3, 80, 6, 0]
[0, 4, 5, 17, 1]
[0, 0, 0, 1, 27]
casme¢ò-5c   acc:0.8433734939759037   f1:0.8433734939759037   uf1:0.8260827557269236   uar:0.8162307599807599
[57, 1, 5, 0, 0]
[3, 25, 2, 1, 1]
[6, 3, 86, 4, 0]
[0, 4, 3, 20, 0]
[0, 0, 5, 1, 22]
casme¢ò-5c   acc:0.8152610441767069   f1:0.8152610441767069   uf1:0.8140483472883853   uar:0.8288660413660415
[55, 1, 6, 1, 0]
[4, 22, 4, 2, 0]
[8, 7, 76, 8, 0]
[0, 2, 2, 23, 0]
[0, 0, 0, 1, 27]
casme¢ò-5c   acc:0.8433734939759037   f1:0.8433734939759037   uf1:0.8307187738985625   uar:0.8272306397306396
[60, 0, 3, 0, 0]
[1, 22, 5, 2, 2]
[9, 6, 82, 2, 0]
[1, 2, 5, 19, 0]
[0, 0, 1, 0, 27]
full-3c   acc:0.8940397350993378   f1:0.8940397350993377   uf1:0.8835381552179017   uar:0.8872887182040158
[235, 11, 12]
[15, 92, 2]
[6, 2, 78]
full-3c   acc:0.8940397350993378   f1:0.8940397350993377   uf1:0.8792408249932553   uar:0.8821207595476851
[237, 13, 8]
[13, 92, 4]
[5, 5, 76]
full-3c   acc:0.9072847682119205   f1:0.9072847682119205   uf1:0.8939863401632516   uar:0.888794063959415
[245, 9, 4]
[17, 87, 5]
[5, 2, 79]
full-3c   acc:0.891832229580574   f1:0.891832229580574   uf1:0.8739761582024549   uar:0.866960623948036
[242, 9, 7]
[16, 90, 3]
[8, 6, 72]
full-3c   acc:0.8984547461368654   f1:0.8984547461368654   uf1:0.8819612319236295   uar:0.8716544579569968
[245, 8, 5]
[17, 89, 3]
[8, 5, 73]
full-3c   acc:0.9028697571743929   f1:0.9028697571743929   uf1:0.8876405007246128   uar:0.8958585212052248
[238, 10, 10]
[12, 91, 6]
[2, 4, 80]
full-3c   acc:0.8874172185430463   f1:0.8874172185430463   uf1:0.8709215021002094   uar:0.8683355854254083
[241, 7, 10]
[20, 82, 7]
[7, 0, 79]
full-3c   acc:0.8984547461368654   f1:0.8984547461368654   uf1:0.8836445831966548   uar:0.8855226038925634
[239, 7, 12]
[13, 91, 5]
[7, 2, 77]
full-3c   acc:0.9116997792494481   f1:0.9116997792494481   uf1:0.8965747494514617   uar:0.9012872484176091
[240, 9, 9]
[8, 97, 4]
[5, 5, 76]
full-3c   acc:0.8940397350993378   f1:0.8940397350993377   uf1:0.8804713804713805   uar:0.8925870611383733
[232, 13, 13]
[9, 95, 5]
[5, 3, 78]
casme¢ò-3c   acc:0.9358974358974359   f1:0.9358974358974359   uf1:0.9259013150309187   uar:0.9151785714285715
[93, 1, 2]
[6, 26, 0]
[1, 0, 27]
casme¢ò-3c   acc:0.9294871794871795   f1:0.9294871794871795   uf1:0.9146018800026701   uar:0.9047619047619048
[93, 2, 1]
[6, 25, 1]
[1, 0, 27]
casme¢ò-3c   acc:0.9102564102564102   f1:0.9102564102564102   uf1:0.8975249232314068   uar:0.8928571428571429
[90, 3, 3]
[6, 26, 0]
[2, 0, 26]
casme¢ò-3c   acc:0.9230769230769231   f1:0.9230769230769231   uf1:0.9063723548324689   uar:0.8943452380952381
[93, 2, 1]
[7, 24, 1]
[1, 0, 27]
casme¢ò-3c   acc:0.9038461538461539   f1:0.9038461538461539   uf1:0.8864672906076297   uar:0.8809523809523809
[90, 4, 2]
[5, 26, 1]
[3, 0, 25]
casme¢ò-3c   acc:0.9294871794871795   f1:0.9294871794871795   uf1:0.9170381985113538   uar:0.8978174603174603
[94, 1, 1]
[8, 24, 0]
[1, 0, 27]
casme¢ò-3c   acc:0.9230769230769231   f1:0.9230769230769231   uf1:0.9027872712083238   uar:0.9122023809523809
[90, 3, 3]
[2, 29, 1]
[1, 2, 25]
casme¢ò-3c   acc:0.9230769230769231   f1:0.9230769230769231   uf1:0.9115653513449461   uar:0.9067460317460316
[91, 1, 4]
[5, 27, 0]
[2, 0, 26]
casme¢ò-3c   acc:0.9230769230769231   f1:0.9230769230769231   uf1:0.9051453775800272   uar:0.9067460317460316
[91, 2, 3]
[4, 27, 1]
[1, 1, 26]
casme¢ò-3c   acc:0.9294871794871795   f1:0.9294871794871795   uf1:0.9150017774617846   uar:0.9117063492063493
[92, 0, 4]
[5, 26, 1]
[1, 0, 27]
samm-5c   acc:0.8308823529411765   f1:0.8308823529411766   uf1:0.7787980295566502   uar:0.755033738191633
[55, 0, 0, 2, 0]
[0, 6, 4, 2, 0]
[2, 0, 22, 1, 1]
[2, 0, 4, 19, 1]
[0, 0, 4, 0, 11]
samm-5c   acc:0.7941176470588235   f1:0.7941176470588235   uf1:0.7577156177156177   uar:0.7255465587044534
[55, 0, 1, 1, 0]
[1, 7, 2, 2, 0]
[4, 0, 18, 4, 0]
[4, 1, 4, 17, 0]
[0, 0, 3, 1, 11]
samm-5c   acc:0.7941176470588235   f1:0.7941176470588235   uf1:0.7384187241330098   uar:0.724089068825911
[54, 0, 3, 0, 0]
[1, 7, 3, 1, 0]
[3, 1, 18, 2, 2]
[2, 1, 3, 19, 1]
[0, 1, 3, 1, 10]
samm-5c   acc:0.7647058823529411   f1:0.7647058823529412   uf1:0.715634978863152   uar:0.6947773279352226
[55, 0, 2, 0, 0]
[0, 7, 3, 1, 1]
[4, 0, 17, 3, 2]
[4, 0, 8, 14, 0]
[0, 1, 0, 3, 11]
samm-5c   acc:0.8014705882352942   f1:0.8014705882352942   uf1:0.7520450885668277   uar:0.7186234817813765
[55, 0, 2, 0, 0]
[0, 6, 5, 1, 0]
[1, 0, 19, 6, 0]
[2, 0, 5, 19, 0]
[0, 0, 3, 2, 10]
samm-5c   acc:0.7794117647058824   f1:0.7794117647058824   uf1:0.7330619492479957   uar:0.7149527665317138
[56, 1, 0, 0, 0]
[2, 8, 0, 2, 0]
[5, 2, 15, 4, 0]
[5, 3, 2, 16, 0]
[1, 1, 0, 2, 11]
samm-5c   acc:0.7867647058823529   f1:0.7867647058823529   uf1:0.7099947776898775   uar:0.6969905533063427
[53, 1, 2, 1, 0]
[0, 5, 4, 3, 0]
[0, 2, 21, 2, 1]
[4, 0, 2, 19, 1]
[0, 0, 3, 3, 9]
samm-5c   acc:0.8088235294117647   f1:0.8088235294117648   uf1:0.7606330583312679   uar:0.7555465587044534
[55, 1, 1, 0, 0]
[1, 8, 2, 1, 0]
[2, 0, 15, 5, 4]
[0, 0, 4, 20, 2]
[0, 0, 3, 0, 12]
samm-5c   acc:0.7941176470588235   f1:0.7941176470588235   uf1:0.7328936423054071   uar:0.7326450742240216
[56, 0, 0, 1, 0]
[0, 7, 1, 3, 1]
[3, 2, 14, 3, 4]
[4, 0, 1, 18, 3]
[0, 0, 2, 0, 13]
samm-5c   acc:0.8235294117647058   f1:0.8235294117647058   uf1:0.7815442130341286   uar:0.7652901484480432
[55, 0, 0, 2, 0]
[0, 8, 2, 2, 0]
[3, 1, 18, 3, 1]
[2, 0, 2, 20, 2]
[0, 0, 4, 0, 11]
samm-3c   acc:0.8721804511278195   f1:0.8721804511278195   uf1:0.7968671679197996   uar:0.7718320327015978
[88, 1, 3]
[8, 18, 0]
[2, 3, 10]
samm-3c   acc:0.8571428571428571   f1:0.8571428571428571   uf1:0.7721543821668978   uar:0.7833890746934227
[86, 2, 4]
[7, 16, 3]
[0, 3, 12]
samm-3c   acc:0.8646616541353384   f1:0.8646616541353384   uf1:0.8242721943871368   uar:0.8419918246005204
[80, 11, 1]
[2, 24, 0]
[0, 4, 11]
samm-3c   acc:0.9097744360902256   f1:0.9097744360902256   uf1:0.8488252958841195   uar:0.845540691192865
[89, 2, 1]
[4, 20, 2]
[0, 3, 12]
samm-3c   acc:0.8947368421052632   f1:0.8947368421052632   uf1:0.8138705738705739   uar:0.7824972129319955
[90, 2, 0]
[5, 20, 1]
[2, 4, 9]
samm-3c   acc:0.8947368421052632   f1:0.8947368421052632   uf1:0.8314146632496713   uar:0.838294314381271
[87, 3, 2]
[4, 20, 2]
[0, 3, 12]
samm-3c   acc:0.8872180451127819   f1:0.8872180451127819   uf1:0.8442407265936677   uar:0.8254738015607582
[87, 4, 1]
[7, 19, 0]
[1, 2, 12]
samm-3c   acc:0.8646616541353384   f1:0.8646616541353384   uf1:0.7816769849027914   uar:0.7960052025269416
[85, 6, 1]
[3, 19, 4]
[0, 4, 11]
samm-3c   acc:0.8872180451127819   f1:0.8872180451127819   uf1:0.8353439153439153   uar:0.806874767744333
[88, 3, 1]
[7, 19, 0]
[2, 2, 11]
samm-3c   acc:0.8947368421052632   f1:0.8947368421052632   uf1:0.833532409619366   uar:0.819490895577852
[87, 4, 1]
[4, 22, 0]
[1, 4, 10]
smic-3c   acc:0.823170731707317   f1:0.823170731707317   uf1:0.8171171171171171   uar:0.8143638850889193
[63, 1, 6]
[10, 36, 5]
[5, 2, 36]
smic-3c   acc:0.774390243902439   f1:0.7743902439024389   uf1:0.7671658388316406   uar:0.7463683147677674
[65, 4, 1]
[15, 36, 0]
[14, 3, 26]
smic-3c   acc:0.7987804878048781   f1:0.7987804878048782   uf1:0.8003196725452447   uar:0.80484441838751
[55, 7, 8]
[10, 38, 3]
[4, 1, 38]
smic-3c   acc:0.774390243902439   f1:0.7743902439024389   uf1:0.7724632307502164   uar:0.7727205610926542
[57, 7, 6]
[12, 34, 5]
[6, 1, 36]
smic-3c   acc:0.7865853658536586   f1:0.7865853658536586   uf1:0.7844888415045556   uar:0.7738323236271253
[61, 5, 4]
[13, 36, 2]
[9, 2, 32]
smic-3c   acc:0.7987804878048781   f1:0.7987804878048782   uf1:0.7910899066570346   uar:0.7840140707445769
[64, 3, 3]
[15, 33, 3]
[4, 5, 34]
smic-3c   acc:0.7804878048780488   f1:0.7804878048780488   uf1:0.7842377432147178   uar:0.7822465420276637
[56, 7, 7]
[15, 35, 1]
[5, 1, 37]
smic-3c   acc:0.7804878048780488   f1:0.7804878048780488   uf1:0.7734590512368289   uar:0.7625322997416021
[63, 1, 6]
[16, 34, 1]
[7, 5, 31]
smic-3c   acc:0.7804878048780488   f1:0.7804878048780488   uf1:0.7790566065712322   uar:0.7767246433457103
[55, 8, 7]
[7, 42, 2]
[10, 2, 31]
smic-3c   acc:0.7926829268292683   f1:0.7926829268292683   uf1:0.7936304150223291   uar:0.7870062753783684
[60, 6, 4]
[15, 34, 2]
[6, 1, 36]
full-3c   acc:0.9139072847682119   f1:0.9139072847682119   uf1:0.8987517913010841   uar:0.9033971030984045
[241, 9, 8]
[7, 96, 6]
[6, 3, 77]
full-3c   acc:0.9072847682119205   f1:0.9072847682119205   uf1:0.8898918021766699   uar:0.8924566768603466
[242, 9, 7]
[10, 92, 7]
[5, 4, 77]
full-3c   acc:0.9094922737306843   f1:0.9094922737306844   uf1:0.8961551802672428   uar:0.8972808951473343
[241, 7, 10]
[10, 94, 5]
[8, 1, 77]
full-3c   acc:0.8830022075055187   f1:0.8830022075055186   uf1:0.8626244291095776   uar:0.8714411018656806
[233, 14, 11]
[9, 94, 6]
[5, 8, 73]
full-3c   acc:0.891832229580574   f1:0.891832229580574   uf1:0.8762155703131022   uar:0.8800109048668894
[236, 11, 11]
[11, 93, 5]
[8, 3, 75]
full-3c   acc:0.8830022075055187   f1:0.8830022075055186   uf1:0.867972581800237   uar:0.8843609985065073
[228, 15, 15]
[9, 94, 6]
[4, 4, 78]
full-3c   acc:0.8984547461368654   f1:0.8984547461368654   uf1:0.8822073848014217   uar:0.8716544579569968
[245, 6, 7]
[15, 89, 5]
[12, 1, 73]
full-3c   acc:0.8940397350993378   f1:0.8940397350993377   uf1:0.8801835463782367   uar:0.8944835597278523
[230, 14, 14]
[6, 99, 4]
[6, 4, 76]
full-3c   acc:0.9006622516556292   f1:0.9006622516556292   uf1:0.8848065132283344   uar:0.8922433207690302
[236, 11, 11]
[7, 97, 5]
[7, 4, 75]
full-3c   acc:0.9028697571743929   f1:0.9028697571743929   uf1:0.8903674882316991   uar:0.8898726975321812
[240, 8, 10]
[13, 92, 4]
[8, 1, 77]





without attention 

casme¢ò-5c   acc:0.8232931726907631   f1:0.8232931726907632   uf1:0.8090560164161623   uar:0.8026665464165464
[56, 3, 4, 0, 0]
[1, 17, 11, 2, 1]
[10, 1, 84, 4, 0]
[1, 2, 1, 23, 0]
[0, 1, 2, 0, 25]
casme¢ò-5c   acc:0.8232931726907631   f1:0.8232931726907632   uf1:0.8061770774863076   uar:0.8170063732563733
[56, 1, 5, 1, 0]
[1, 23, 5, 3, 0]
[4, 8, 80, 6, 1]
[2, 4, 1, 20, 0]
[0, 0, 0, 2, 26]
casme¢ò-5c   acc:0.8152610441767069   f1:0.8152610441767069   uf1:0.7941400134794273   uar:0.808603896103896
[55, 1, 4, 2, 1]
[1, 26, 2, 2, 1]
[8, 6, 79, 4, 2]
[0, 5, 4, 18, 0]
[0, 1, 0, 2, 25]
casme¢ò-5c   acc:0.8112449799196787   f1:0.8112449799196787   uf1:0.7976031956459603   uar:0.7956800144300145
[55, 0, 7, 1, 0]
[6, 21, 2, 2, 1]
[8, 4, 81, 4, 2]
[1, 1, 7, 18, 0]
[0, 0, 0, 1, 27]
casme¢ò-5c   acc:0.8112449799196787   f1:0.8112449799196787   uf1:0.7918276577894885   uar:0.8048069985569984
[52, 2, 4, 3, 2]
[0, 25, 4, 2, 1]
[8, 4, 81, 6, 0]
[1, 2, 2, 21, 1]
[0, 0, 1, 4, 23]
casme¢ò-5c   acc:0.8353413654618473   f1:0.8353413654618473   uf1:0.8094686094034982   uar:0.8109006734006734
[58, 0, 4, 1, 0]
[3, 22, 4, 1, 2]
[5, 5, 84, 5, 0]
[1, 4, 2, 20, 0]
[0, 0, 1, 3, 24]
casme¢ò-5c   acc:0.8152610441767069   f1:0.8152610441767069   uf1:0.8142892565843386   uar:0.8060575998075997
[56, 0, 7, 0, 0]
[1, 25, 4, 1, 1]
[13, 2, 79, 5, 0]
[2, 2, 3, 20, 0]
[0, 0, 3, 2, 23]
casme¢ò-5c   acc:0.7991967871485943   f1:0.7991967871485943   uf1:0.7792590311986863   uar:0.7955387205387205
[54, 2, 5, 1, 1]
[0, 20, 4, 7, 1]
[10, 4, 78, 5, 2]
[1, 2, 1, 22, 1]
[0, 0, 2, 1, 25]
casme¢ò-5c   acc:0.8112449799196787   f1:0.8112449799196787   uf1:0.7970195715037349   uar:0.8087692400192401
[53, 6, 2, 2, 0]
[0, 27, 3, 1, 1]
[9, 4, 79, 7, 0]
[1, 3, 4, 19, 0]
[2, 1, 0, 1, 24]
casme¢ò-5c   acc:0.7951807228915663   f1:0.7951807228915663   uf1:0.7755214170692433   uar:0.7696548821548822
[54, 1, 6, 2, 0]
[1, 22, 8, 0, 1]
[7, 7, 81, 4, 0]
[0, 6, 5, 16, 0]
[0, 1, 1, 1, 25]
casme¢ò-3c   acc:0.9102564102564102   f1:0.9102564102564102   uf1:0.8918578497525865   uar:0.8983134920634921
[89, 3, 4]
[4, 28, 0]
[1, 2, 25]
casme¢ò-3c   acc:0.9358974358974359   f1:0.9358974358974359   uf1:0.9208473953423145   uar:0.908234126984127
[94, 0, 2]
[6, 25, 1]
[1, 0, 27]
casme¢ò-3c   acc:0.9102564102564102   f1:0.9102564102564102   uf1:0.8862307283359915   uar:0.8705357142857143
[93, 1, 2]
[6, 24, 2]
[3, 0, 25]
casme¢ò-3c   acc:0.9358974358974359   f1:0.9358974358974359   uf1:0.9210490489014999   uar:0.9067460317460316
[94, 0, 2]
[5, 26, 1]
[2, 0, 26]
casme¢ò-3c   acc:0.9102564102564102   f1:0.9102564102564102   uf1:0.8929824561403509   uar:0.8859126984126983
[91, 3, 2]
[6, 25, 1]
[2, 0, 26]
casme¢ò-3c   acc:0.9294871794871795   f1:0.9294871794871795   uf1:0.9180299324410139   uar:0.9032738095238096
[93, 1, 2]
[6, 26, 0]
[2, 0, 26]
casme¢ò-3c   acc:0.9166666666666666   f1:0.9166666666666666   uf1:0.8981066825894413   uar:0.8809523809523809
[93, 1, 2]
[6, 25, 1]
[3, 0, 25]
casme¢ò-3c   acc:0.9230769230769231   f1:0.9230769230769231   uf1:0.9125611668012733   uar:0.9067460317460316
[91, 3, 2]
[5, 27, 0]
[2, 0, 26]
casme¢ò-3c   acc:0.9230769230769231   f1:0.9230769230769231   uf1:0.9040928310133499   uar:0.8983134920634921
[92, 2, 2]
[4, 27, 1]
[2, 1, 25]
casme¢ò-3c   acc:0.9166666666666666   f1:0.9166666666666666   uf1:0.8993849580007772   uar:0.910218253968254
[89, 3, 4]
[3, 28, 1]
[1, 1, 26]
samm-5c   acc:0.7794117647058824   f1:0.7794117647058824   uf1:0.7012870638133797   uar:0.6884480431848853
[54, 0, 1, 2, 0]
[0, 6, 3, 3, 0]
[1, 0, 22, 1, 2]
[4, 1, 2, 16, 3]
[1, 1, 3, 2, 8]
samm-5c   acc:0.7794117647058824   f1:0.7794117647058824   uf1:0.728643408113534   uar:0.7147638326585695
[52, 0, 0, 5, 0]
[0, 8, 2, 2, 0]
[4, 0, 17, 5, 0]
[0, 3, 1, 21, 1]
[0, 0, 3, 4, 8]
samm-5c   acc:0.7941176470588235   f1:0.7941176470588235   uf1:0.729282927879205   uar:0.7178407557354926
[52, 0, 2, 2, 1]
[1, 6, 1, 4, 0]
[2, 1, 19, 3, 1]
[1, 2, 1, 22, 0]
[0, 0, 5, 1, 9]
samm-5c   acc:0.7573529411764706   f1:0.7573529411764706   uf1:0.7008454114336468   uar:0.7058839406207827
[54, 0, 1, 1, 1]
[1, 8, 0, 3, 0]
[2, 1, 13, 4, 6]
[3, 1, 3, 16, 3]
[0, 0, 2, 1, 12]
samm-5c   acc:0.7941176470588235   f1:0.7941176470588235   uf1:0.747918773819733   uar:0.7395546558704453
[53, 0, 3, 1, 0]
[1, 7, 2, 2, 0]
[3, 0, 16, 2, 5]
[2, 0, 0, 20, 4]
[0, 0, 2, 1, 12]
samm-5c   acc:0.7941176470588235   f1:0.7941176470588235   uf1:0.7539901324619784   uar:0.7512550607287449
[51, 0, 3, 3, 0]
[0, 8, 0, 3, 1]
[2, 1, 16, 6, 1]
[0, 2, 2, 22, 0]
[0, 0, 3, 1, 11]
samm-5c   acc:0.8235294117647058   f1:0.8235294117647058   uf1:0.7745200637404027   uar:0.7506747638326585
[55, 0, 2, 0, 0]
[0, 7, 0, 5, 0]
[2, 2, 18, 4, 0]
[3, 0, 1, 22, 0]
[0, 0, 3, 2, 10]
samm-5c   acc:0.7941176470588235   f1:0.7941176470588235   uf1:0.717725882076656   uar:0.7038326585695007
[54, 0, 2, 1, 0]
[0, 6, 3, 3, 0]
[1, 0, 22, 1, 2]
[3, 3, 2, 18, 0]
[0, 0, 4, 3, 8]
samm-5c   acc:0.8014705882352942   f1:0.8014705882352942   uf1:0.7482807071967738   uar:0.7436707152496626
[56, 0, 0, 1, 0]
[0, 8, 0, 4, 0]
[3, 0, 12, 6, 5]
[0, 0, 3, 21, 2]
[0, 0, 2, 1, 12]
samm-5c   acc:0.7941176470588235   f1:0.7941176470588235   uf1:0.7399737474157709   uar:0.7151147098515518
[54, 0, 0, 3, 0]
[0, 6, 5, 0, 1]
[3, 1, 18, 3, 1]
[5, 0, 1, 20, 0]
[0, 0, 3, 2, 10]
samm-3c   acc:0.8796992481203008   f1:0.8796992481203008   uf1:0.8217674678224324   uar:0.7848569305091044
[89, 3, 0]
[8, 17, 1]
[3, 1, 11]
samm-3c   acc:0.8872180451127819   f1:0.8872180451127819   uf1:0.837697763229678   uar:0.806874767744333
[88, 4, 0]
[7, 19, 0]
[1, 3, 11]
samm-3c   acc:0.8646616541353384   f1:0.8646616541353384   uf1:0.8372881355932202   uar:0.8329988851727982
[82, 10, 0]
[5, 21, 0]
[1, 2, 12]
samm-3c   acc:0.9097744360902256   f1:0.9097744360902256   uf1:0.8533577533577533   uar:0.8175399479747306
[90, 2, 0]
[5, 21, 0]
[2, 3, 10]
samm-3c   acc:0.9022556390977443   f1:0.9022556390977443   uf1:0.8484330484330483   uar:0.7957264957264957
[92, 0, 0]
[9, 17, 0]
[2, 2, 11]
samm-3c   acc:0.8721804511278195   f1:0.8721804511278195   uf1:0.8043360550476301   uar:0.7998327759197323
[87, 3, 2]
[7, 17, 2]
[1, 2, 12]
samm-3c   acc:0.8721804511278195   f1:0.8721804511278195   uf1:0.7904867990081023   uar:0.7626347082868822
[89, 2, 1]
[8, 17, 1]
[1, 4, 10]
samm-3c   acc:0.8947368421052632   f1:0.8947368421052632   uf1:0.8202359920608956   uar:0.81049795615013
[89, 3, 0]
[4, 19, 3]
[1, 3, 11]
samm-3c   acc:0.9022556390977443   f1:0.9022556390977443   uf1:0.8371555980251632   uar:0.8231140839836492
[88, 4, 0]
[3, 22, 1]
[1, 4, 10]
samm-3c   acc:0.8571428571428571   f1:0.8571428571428571   uf1:0.7871722369010646   uar:0.7645856558900036
[86, 5, 1]
[7, 18, 1]
[3, 2, 10]
smic-3c   acc:0.7865853658536586   f1:0.7865853658536586   uf1:0.7867519477426598   uar:0.7792543373938723
[60, 5, 5]
[15, 34, 2]
[7, 1, 35]
smic-3c   acc:0.8048780487804879   f1:0.8048780487804877   uf1:0.805833134114272   uar:0.8036262567042322
[58, 5, 7]
[10, 38, 3]
[7, 0, 36]
smic-3c   acc:0.8048780487804879   f1:0.8048780487804877   uf1:0.801563170858473   uar:0.7928821140859444
[62, 6, 2]
[12, 37, 2]
[5, 5, 33]
smic-3c   acc:0.7865853658536586   f1:0.7865853658536586   uf1:0.7873817540484206   uar:0.7922306907259028
[52, 9, 9]
[6, 43, 2]
[7, 2, 34]
smic-3c   acc:0.8170731707317073   f1:0.8170731707317073   uf1:0.8190235690235691   uar:0.8166981521290687
[58, 4, 8]
[10, 40, 1]
[6, 1, 36]
smic-3c   acc:0.7804878048780488   f1:0.7804878048780488   uf1:0.7754812373604972   uar:0.7590840987557814
[67, 1, 2]
[23, 27, 1]
[9, 0, 34]
smic-3c   acc:0.7804878048780488   f1:0.7804878048780488   uf1:0.7742971887550202   uar:0.7524460947169566
[68, 1, 1]
[20, 30, 1]
[12, 1, 30]
smic-3c   acc:0.7926829268292683   f1:0.7926829268292683   uf1:0.7941950113378685   uar:0.7839163572405706
[59, 6, 5]
[12, 39, 0]
[9, 2, 32]
smic-3c   acc:0.7804878048780488   f1:0.7804878048780488   uf1:0.7767310477337578   uar:0.7668382081514777
[64, 2, 4]
[22, 28, 1]
[6, 1, 36]
smic-3c   acc:0.7926829268292683   f1:0.7926829268292683   uf1:0.7925209341030842   uar:0.7834581894773414
[62, 3, 5]
[18, 32, 1]
[6, 1, 36]
full-3c   acc:0.891832229580574   f1:0.891832229580574   uf1:0.8762406078125676   uar:0.8816466349003154
[236, 12, 10]
[12, 91, 6]
[6, 3, 77]
full-3c   acc:0.8896247240618101   f1:0.8896247240618101   uf1:0.8717481756876068   uar:0.8742384372851623
[238, 9, 11]
[14, 89, 6]
[6, 4, 76]
full-3c   acc:0.8896247240618101   f1:0.8896247240618101   uf1:0.8776428091016951   uar:0.8849655074319038
[231, 15, 12]
[9, 98, 2]
[9, 3, 74]
full-3c   acc:0.8741721854304636   f1:0.8741721854304636   uf1:0.8510161984597046   uar:0.8598961667022259
[234, 12, 12]
[13, 86, 10]
[4, 6, 76]
full-3c   acc:0.8984547461368654   f1:0.8984547461368654   uf1:0.8837533360607784   uar:0.8953014247445653
[233, 13, 12]
[4, 98, 7]
[9, 1, 76]
full-3c   acc:0.8940397350993378   f1:0.8940397350993377   uf1:0.8775024538875414   uar:0.8795367802195196
[238, 9, 11]
[10, 92, 7]
[10, 1, 75]
full-3c   acc:0.8896247240618101   f1:0.8896247240618101   uf1:0.8698309894587485   uar:0.8655382500059265
[242, 7, 9]
[18, 87, 4]
[5, 7, 74]
full-3c   acc:0.9050772626931567   f1:0.9050772626931568   uf1:0.896078431372549   uar:0.9033971030984045
[235, 10, 13]
[11, 96, 2]
[6, 1, 79]
full-3c   acc:0.8984547461368654   f1:0.8984547461368654   uf1:0.8852512068257643   uar:0.8890548325154682
[237, 9, 12]
[12, 93, 4]
[7, 2, 77]
full-3c   acc:0.8940397350993378   f1:0.8940397350993377   uf1:0.8787590630957601   uar:0.8742384372851623
[241, 9, 8]
[16, 89, 4]
[8, 3, 75]



ce without weighted

casme¢ò-5c   acc:0.8032128514056225   f1:0.8032128514056225   uf1:0.7753169730843569   uar:0.7676887926887928
[51, 1, 9, 2, 0]
[2, 20, 2, 6, 2]
[7, 2, 87, 3, 0]
[0, 3, 5, 19, 0]
[1, 1, 2, 1, 23]
casme¢ò-5c   acc:0.7991967871485943   f1:0.7991967871485943   uf1:0.7736405520203543   uar:0.7603715728715729
[54, 0, 9, 0, 0]
[0, 22, 7, 2, 1]
[6, 5, 84, 4, 0]
[0, 1, 12, 12, 2]
[0, 0, 1, 0, 27]
casme¢ò-5c   acc:0.8273092369477911   f1:0.8273092369477912   uf1:0.7986076954069816   uar:0.7806938431938433
[54, 0, 7, 2, 0]
[2, 22, 5, 3, 0]
[4, 2, 90, 1, 2]
[2, 3, 6, 16, 0]
[1, 0, 2, 1, 24]
casme¢ò-5c   acc:0.7951807228915663   f1:0.7951807228915663   uf1:0.7569728517096939   uar:0.7453944203944204
[55, 0, 8, 0, 0]
[2, 20, 6, 3, 1]
[9, 3, 85, 2, 0]
[1, 5, 11, 10, 0]
[0, 0, 0, 0, 28]
casme¢ò-5c   acc:0.7991967871485943   f1:0.7991967871485943   uf1:0.774416064161827   uar:0.7515512265512266
[53, 2, 6, 1, 1]
[2, 20, 9, 0, 1]
[8, 4, 87, 0, 0]
[6, 0, 5, 15, 1]
[0, 1, 2, 1, 24]
casme¢ò-5c   acc:0.8232931726907631   f1:0.8232931726907632   uf1:0.8110193842672487   uar:0.8128878066378066
[50, 1, 10, 2, 0]
[2, 25, 1, 4, 0]
[8, 4, 85, 2, 0]
[1, 7, 1, 18, 0]
[0, 0, 1, 0, 27]
casme¢ò-5c   acc:0.8032128514056225   f1:0.8032128514056225   uf1:0.7932066605183229   uar:0.7812710437710437
[51, 0, 11, 1, 0]
[4, 22, 2, 4, 0]
[8, 4, 84, 3, 0]
[1, 3, 4, 19, 0]
[0, 0, 3, 1, 24]
casme¢ò-5c   acc:0.8393574297188755   f1:0.8393574297188755   uf1:0.8265752546641767   uar:0.8165013227513228
[53, 2, 8, 0, 0]
[2, 23, 5, 2, 0]
[7, 2, 88, 2, 0]
[1, 6, 0, 20, 0]
[0, 0, 2, 1, 25]
casme¢ò-5c   acc:0.8152610441767069   f1:0.8152610441767069   uf1:0.793167747117854   uar:0.7777116402116403
[52, 0, 9, 2, 0]
[1, 22, 6, 2, 1]
[6, 3, 88, 2, 0]
[2, 3, 4, 17, 1]
[2, 1, 1, 0, 24]
casme¢ò-5c   acc:0.8112449799196787   f1:0.8112449799196787   uf1:0.8074418105374545   uar:0.7956800144300145
[55, 0, 6, 2, 0]
[0, 21, 8, 3, 0]
[11, 4, 81, 3, 0]
[3, 0, 6, 18, 0]
[0, 0, 1, 0, 27]
casme¢ò-3c   acc:0.8974358974358975   f1:0.8974358974358975   uf1:0.873414570230608   uar:0.8621031746031745
[91, 4, 1]
[7, 25, 0]
[1, 3, 24]
casme¢ò-3c   acc:0.9487179487179487   f1:0.9487179487179487   uf1:0.9370339887390884   uar:0.9345238095238096
[93, 0, 3]
[2, 29, 1]
[2, 0, 26]
casme¢ò-3c   acc:0.9230769230769231   f1:0.9230769230769231   uf1:0.9055198436597388   uar:0.8898809523809524
[93, 0, 3]
[4, 27, 1]
[4, 0, 24]
casme¢ò-3c   acc:0.9294871794871795   f1:0.9294871794871795   uf1:0.9191356912668388   uar:0.910218253968254
[92, 2, 2]
[5, 27, 0]
[2, 0, 26]
casme¢ò-3c   acc:0.9230769230769231   f1:0.9230769230769231   uf1:0.9020144952348342   uar:0.8844246031746031
[94, 0, 2]
[7, 25, 0]
[1, 2, 25]
casme¢ò-3c   acc:0.9166666666666666   f1:0.9166666666666666   uf1:0.8913886269858167   uar:0.8794642857142857
[93, 1, 2]
[5, 26, 1]
[2, 2, 24]
casme¢ò-3c   acc:0.9038461538461539   f1:0.9038461538461539   uf1:0.8848751459329868   uar:0.8655753968253969
[92, 3, 1]
[7, 25, 0]
[3, 1, 24]
casme¢ò-3c   acc:0.9102564102564102   f1:0.9102564102564102   uf1:0.8919227980141686   uar:0.8745039682539684
[92, 4, 0]
[4, 27, 1]
[5, 0, 23]
casme¢ò-3c   acc:0.9102564102564102   f1:0.9102564102564102   uf1:0.8938589643507676   uar:0.8859126984126983
[91, 4, 1]
[6, 25, 1]
[2, 0, 26]
casme¢ò-3c   acc:0.9358974358974359   f1:0.9358974358974359   uf1:0.9210490489014999   uar:0.9067460317460316
[94, 0, 2]
[5, 26, 1]
[2, 0, 26]
samm-5c   acc:0.7941176470588235   f1:0.7941176470588235   uf1:0.7012145748987855   uar:0.6798245614035088
[56, 0, 0, 1, 0]
[2, 3, 3, 4, 0]
[1, 0, 21, 4, 0]
[4, 0, 3, 18, 1]
[0, 0, 4, 1, 10]
samm-5c   acc:0.8161764705882353   f1:0.8161764705882353   uf1:0.7548431182485831   uar:0.72
[57, 0, 0, 0, 0]
[1, 6, 2, 3, 0]
[3, 0, 22, 1, 0]
[5, 0, 4, 17, 0]
[0, 1, 3, 2, 9]
samm-5c   acc:0.7941176470588235   f1:0.7941176470588235   uf1:0.7295555708044557   uar:0.7061403508771928
[54, 0, 1, 2, 0]
[1, 5, 1, 5, 0]
[3, 2, 19, 2, 0]
[3, 0, 3, 20, 0]
[0, 1, 2, 2, 10]
samm-5c   acc:0.8088235294117647   f1:0.8088235294117648   uf1:0.7194429708222814   uar:0.6943589743589744
[57, 0, 0, 0, 0]
[1, 4, 5, 2, 0]
[3, 0, 21, 2, 0]
[1, 0, 4, 19, 2]
[1, 0, 2, 3, 9]
samm-5c   acc:0.7941176470588235   f1:0.7941176470588235   uf1:0.708170059079973   uar:0.7004993252361673
[54, 0, 0, 2, 1]
[1, 5, 3, 1, 2]
[3, 0, 19, 2, 2]
[0, 1, 2, 21, 2]
[0, 1, 3, 2, 9]
samm-5c   acc:0.7720588235294118   f1:0.7720588235294118   uf1:0.6906003256003256   uar:0.6845209176788124
[55, 0, 1, 1, 0]
[1, 5, 4, 2, 0]
[3, 0, 15, 4, 4]
[1, 1, 0, 19, 5]
[0, 0, 2, 2, 11]
samm-5c   acc:0.7867647058823529   f1:0.7867647058823529   uf1:0.7082582479111035   uar:0.6858974358974359
[57, 0, 0, 0, 0]
[1, 5, 3, 3, 0]
[1, 1, 21, 3, 0]
[4, 1, 6, 14, 1]
[0, 0, 4, 1, 10]
samm-5c   acc:0.8088235294117647   f1:0.8088235294117648   uf1:0.7227114845938376   uar:0.7033333333333334
[57, 0, 0, 0, 0]
[0, 5, 7, 0, 0]
[2, 0, 20, 4, 0]
[2, 2, 2, 19, 1]
[1, 2, 1, 2, 9]
samm-5c   acc:0.8088235294117647   f1:0.8088235294117648   uf1:0.7386861016042436   uar:0.7173414304993252
[55, 0, 1, 0, 1]
[1, 5, 3, 3, 0]
[1, 0, 21, 3, 1]
[2, 0, 4, 19, 1]
[0, 0, 4, 1, 10]
samm-5c   acc:0.7794117647058824   f1:0.7794117647058824   uf1:0.7026291442892946   uar:0.6782051282051282
[57, 0, 0, 0, 0]
[2, 5, 4, 1, 0]
[5, 0, 17, 3, 1]
[4, 2, 1, 17, 2]
[0, 0, 3, 2, 10]
samm-3c   acc:0.9022556390977443   f1:0.9022556390977443   uf1:0.8609986504723347   uar:0.8233184689706429
[89, 3, 0]
[6, 20, 0]
[3, 1, 11]
samm-3c   acc:0.9022556390977443   f1:0.9022556390977443   uf1:0.8581506676744772   uar:0.8327201783723522
[89, 2, 1]
[7, 19, 0]
[1, 2, 12]
samm-3c   acc:0.9097744360902256   f1:0.9097744360902256   uf1:0.8634927780321787   uar:0.8361389817911556
[89, 3, 0]
[5, 21, 0]
[1, 3, 11]
samm-3c   acc:0.8872180451127819   f1:0.8872180451127819   uf1:0.8093792172739541   uar:0.7696767001114827
[90, 2, 0]
[7, 19, 0]
[1, 5, 9]
samm-3c   acc:0.9022556390977443   f1:0.9022556390977443   uf1:0.8438940488476092   uar:0.8047194351542178
[90, 2, 0]
[6, 20, 0]
[2, 3, 10]
samm-3c   acc:0.8947368421052632   f1:0.8947368421052632   uf1:0.8501102501102501   uar:0.8288926049795614
[87, 5, 0]
[5, 21, 0]
[1, 3, 11]
samm-3c   acc:0.8947368421052632   f1:0.8947368421052632   uf1:0.8491279344514965   uar:0.838294314381271
[87, 4, 1]
[5, 20, 1]
[2, 1, 12]
samm-3c   acc:0.8947368421052632   f1:0.8947368421052632   uf1:0.8177072310405644   uar:0.7918989223337048
[90, 1, 1]
[6, 19, 1]
[1, 4, 10]
samm-3c   acc:0.8796992481203008   f1:0.8796992481203008   uf1:0.8071302595112119   uar:0.7848569305091044
[89, 3, 0]
[7, 17, 2]
[1, 3, 11]
samm-3c   acc:0.8796992481203008   f1:0.8796992481203008   uf1:0.8120567375886524   uar:0.7846525455221106
[88, 4, 0]
[6, 19, 1]
[2, 3, 10]
smic-3c   acc:0.7926829268292683   f1:0.7926829268292683   uf1:0.7943941370577852   uar:0.7822421992052635
[62, 4, 4]
[17, 33, 1]
[8, 0, 35]
smic-3c   acc:0.7987804878048781   f1:0.7987804878048782   uf1:0.8034319717060913   uar:0.7923262328187088
[60, 5, 5]
[15, 36, 0]
[8, 0, 35]
smic-3c   acc:0.7865853658536586   f1:0.7865853658536586   uf1:0.7881223291262325   uar:0.7845764662454129
[57, 6, 7]
[12, 37, 2]
[7, 1, 35]
smic-3c   acc:0.7987804878048781   f1:0.7987804878048782   uf1:0.7973385976456825   uar:0.7988643519423273
[57, 5, 8]
[10, 38, 3]
[4, 3, 36]
smic-3c   acc:0.7865853658536586   f1:0.7865853658536586   uf1:0.7836212686443101   uar:0.7810283803443858
[59, 4, 7]
[13, 35, 3]
[5, 3, 35]
smic-3c   acc:0.774390243902439   f1:0.7743902439024389   uf1:0.7720528088536027   uar:0.7566542896228259
[64, 3, 3]
[20, 30, 1]
[9, 1, 33]
smic-3c   acc:0.8048780487804879   f1:0.8048780487804877   uf1:0.808098543060949   uar:0.794656157036458
[61, 7, 2]
[13, 38, 0]
[8, 2, 33]
smic-3c   acc:0.7926829268292683   f1:0.7926829268292683   uf1:0.7994907795782007   uar:0.7995244609471696
[55, 12, 3]
[13, 36, 2]
[4, 0, 39]
smic-3c   acc:0.7926829268292683   f1:0.7926829268292683   uf1:0.7871478709689113   uar:0.7810262089331856
[62, 3, 5]
[12, 34, 5]
[8, 1, 34]
smic-3c   acc:0.8048780487804879   f1:0.8048780487804877   uf1:0.7992820044091483   uar:0.791766008729073
[64, 1, 5]
[14, 33, 4]
[7, 1, 35]
full-3c   acc:0.8984547461368654   f1:0.8984547461368654   uf1:0.8791185603921708   uar:0.877083185169381
[241, 9, 8]
[9, 95, 5]
[10, 5, 71]
full-3c   acc:0.9072847682119205   f1:0.9072847682119205   uf1:0.8927282283421841   uar:0.8985728848114168
[239, 11, 8]
[9, 94, 6]
[5, 3, 78]
full-3c   acc:0.9050772626931567   f1:0.9050772626931568   uf1:0.8902321168686673   uar:0.8936182822464026
[241, 6, 11]
[14, 89, 6]
[4, 2, 80]
full-3c   acc:0.8830022075055187   f1:0.8830022075055186   uf1:0.8639858278536368   uar:0.8581300523907736
[241, 10, 7]
[19, 85, 5]
[7, 5, 74]
full-3c   acc:0.8962472406181016   f1:0.8962472406181016   uf1:0.8786628232462578   uar:0.8781144062774103
[241, 6, 11]
[14, 89, 6]
[7, 3, 76]
full-3c   acc:0.9094922737306843   f1:0.9094922737306844   uf1:0.8915258780315027   uar:0.8771661569826706
[251, 2, 5]
[17, 87, 5]
[9, 3, 74]
full-3c   acc:0.9006622516556292   f1:0.9006622516556292   uf1:0.8876599084071518   uar:0.8842306142284807
[241, 13, 4]
[15, 91, 3]
[5, 5, 76]
full-3c   acc:0.8896247240618101   f1:0.8896247240618101   uf1:0.8743572357276008   uar:0.875874167318588
[238, 7, 13]
[17, 87, 5]
[6, 2, 78]
full-3c   acc:0.8940397350993378   f1:0.8940397350993377   uf1:0.8784791435954227   uar:0.8795367802195196
[238, 11, 9]
[12, 92, 5]
[8, 3, 75]
full-3c   acc:0.891832229580574   f1:0.891832229580574   uf1:0.8704835176272246   uar:0.8590783016855131
[246, 6, 6]
[16, 87, 6]
[11, 4, 71]




focal without weighted

casme¢ò-5c   acc:0.8032128514056225   f1:0.8032128514056225   uf1:0.7750994542793415   uar:0.7511183261183263
[56, 0, 6, 1, 0]
[1, 20, 9, 0, 2]
[9, 3, 86, 1, 0]
[3, 2, 10, 12, 0]
[0, 0, 2, 0, 26]
casme¢ò-5c   acc:0.8232931726907631   f1:0.8232931726907632   uf1:0.775007215007215   uar:0.7767165704665705
[56, 2, 4, 1, 0]
[0, 25, 5, 2, 0]
[6, 4, 87, 2, 0]
[1, 14, 2, 10, 0]
[0, 0, 1, 0, 27]
casme¢ò-5c   acc:0.8393574297188755   f1:0.8393574297188755   uf1:0.8244601957518964   uar:0.8130291005291006
[53, 2, 8, 0, 0]
[0, 26, 5, 0, 1]
[7, 2, 88, 2, 0]
[1, 6, 3, 17, 0]
[2, 0, 0, 1, 25]
casme¢ò-5c   acc:0.8273092369477911   f1:0.8273092369477912   uf1:0.8086150561229107   uar:0.8134078884078884
[57, 0, 5, 1, 0]
[1, 20, 4, 6, 1]
[6, 5, 82, 5, 1]
[0, 1, 3, 23, 0]
[0, 0, 3, 1, 24]
casme¢ò-5c   acc:0.8072289156626506   f1:0.8072289156626506   uf1:0.7791962504325767   uar:0.7787908850408851
[53, 1, 6, 3, 0]
[1, 23, 4, 1, 3]
[4, 8, 84, 3, 0]
[3, 2, 5, 16, 1]
[1, 1, 1, 0, 25]
casme¢ò-5c   acc:0.8152610441767069   f1:0.8152610441767069   uf1:0.8063895363895364   uar:0.783994708994709
[51, 0, 12, 0, 0]
[1, 20, 9, 1, 1]
[4, 3, 88, 3, 1]
[1, 0, 7, 19, 0]
[0, 0, 1, 2, 25]
casme¢ò-5c   acc:0.7991967871485943   f1:0.7991967871485943   uf1:0.7772825152303413   uar:0.774488936988937
[52, 0, 10, 1, 0]
[2, 22, 5, 3, 0]
[7, 5, 83, 4, 0]
[1, 9, 1, 16, 0]
[0, 1, 0, 1, 26]
casme¢ò-5c   acc:0.8072289156626506   f1:0.8072289156626506   uf1:0.7916302294333262   uar:0.7725138287638288
[52, 0, 10, 1, 0]
[0, 23, 7, 1, 1]
[4, 7, 86, 2, 0]
[0, 4, 7, 16, 0]
[2, 0, 2, 0, 24]
casme¢ò-5c   acc:0.8032128514056225   f1:0.8032128514056225   uf1:0.787618395221203   uar:0.7656385281385281
[51, 2, 10, 0, 0]
[1, 22, 7, 1, 1]
[5, 5, 87, 2, 0]
[1, 3, 5, 18, 0]
[0, 1, 4, 1, 22]
casme¢ò-5c   acc:0.8032128514056225   f1:0.8032128514056225   uf1:0.799527292630741   uar:0.7818933381433382
[53, 2, 8, 0, 0]
[4, 23, 4, 0, 1]
[11, 4, 82, 2, 0]
[1, 2, 8, 16, 0]
[0, 0, 2, 0, 26]
casme¢ò-3c   acc:0.9358974358974359   f1:0.9358974358974359   uf1:0.9175027107230497   uar:0.8998015873015873
[95, 1, 0]
[6, 25, 1]
[1, 1, 26]
casme¢ò-3c   acc:0.9230769230769231   f1:0.9230769230769231   uf1:0.9012936381357434   uar:0.8844246031746031
[94, 0, 2]
[5, 25, 2]
[3, 0, 25]
casme¢ò-3c   acc:0.9358974358974359   f1:0.9358974358974359   uf1:0.9194475963263605   uar:0.8913690476190476
[96, 0, 0]
[6, 25, 1]
[3, 0, 25]
casme¢ò-3c   acc:0.9230769230769231   f1:0.9230769230769231   uf1:0.9082067295182049   uar:0.8998015873015873
[92, 3, 1]
[5, 26, 1]
[2, 0, 26]
casme¢ò-3c   acc:0.8910256410256411   f1:0.8910256410256411   uf1:0.8860400026956224   uar:0.9255952380952381
[81, 11, 4]
[1, 31, 0]
[1, 0, 27]
casme¢ò-3c   acc:0.9102564102564102   f1:0.9102564102564102   uf1:0.8992408557625949   uar:0.9052579365079364
[88, 7, 1]
[3, 29, 0]
[2, 1, 25]
casme¢ò-3c   acc:0.9423076923076923   f1:0.9423076923076923   uf1:0.9259732981044456   uar:0.9171626984126983
[94, 1, 1]
[4, 27, 1]
[1, 1, 26]
casme¢ò-3c   acc:0.9166666666666666   f1:0.9166666666666666   uf1:0.8884607184735103   uar:0.8640873015873017
[95, 0, 1]
[6, 25, 1]
[3, 2, 23]
casme¢ò-3c   acc:0.9230769230769231   f1:0.9230769230769231   uf1:0.9065142742562098   uar:0.8968253968253969
[92, 2, 2]
[3, 28, 1]
[4, 0, 24]
casme¢ò-3c   acc:0.9102564102564102   f1:0.9102564102564102   uf1:0.89245337995338   uar:0.8913690476190476
[90, 4, 2]
[5, 27, 0]
[1, 2, 25]
samm-5c   acc:0.8161764705882353   f1:0.8161764705882353   uf1:0.7330223683676369   uar:0.7217004048582997
[55, 0, 1, 0, 1]
[0, 4, 5, 3, 0]
[1, 0, 22, 2, 1]
[2, 2, 3, 19, 0]
[0, 0, 3, 1, 11]
samm-5c   acc:0.8529411764705882   f1:0.8529411764705882   uf1:0.7924885832647123   uar:0.7772604588394062
[56, 0, 1, 0, 0]
[1, 7, 1, 3, 0]
[2, 0, 23, 0, 1]
[0, 2, 4, 20, 0]
[0, 1, 2, 2, 10]
samm-5c   acc:0.8088235294117647   f1:0.8088235294117648   uf1:0.7606076615360481   uar:0.7277732793522267
[56, 1, 0, 0, 0]
[0, 6, 2, 4, 0]
[4, 0, 17, 5, 0]
[4, 0, 2, 20, 0]
[1, 0, 3, 0, 11]
samm-5c   acc:0.8014705882352942   f1:0.8014705882352942   uf1:0.7557156227437627   uar:0.7493117408906882
[56, 0, 0, 1, 0]
[3, 8, 1, 0, 0]
[5, 0, 15, 3, 3]
[3, 1, 1, 17, 4]
[0, 1, 1, 0, 13]
samm-5c   acc:0.8161764705882353   f1:0.8161764705882353   uf1:0.754976934543498   uar:0.7275168690958165
[56, 0, 1, 0, 0]
[1, 7, 3, 1, 0]
[3, 0, 19, 4, 0]
[1, 0, 1, 21, 3]
[1, 0, 4, 2, 8]
samm-5c   acc:0.7720588235294118   f1:0.7720588235294118   uf1:0.7011085271054339   uar:0.6780296896086371
[56, 0, 0, 1, 0]
[2, 6, 4, 0, 0]
[5, 2, 16, 2, 1]
[2, 1, 4, 18, 1]
[0, 0, 3, 3, 9]
samm-5c   acc:0.7720588235294118   f1:0.7720588235294118   uf1:0.7026892716341269   uar:0.6803373819163292
[56, 0, 0, 1, 0]
[1, 5, 4, 2, 0]
[2, 0, 18, 2, 4]
[6, 0, 4, 15, 1]
[1, 0, 2, 1, 11]
samm-5c   acc:0.7867647058823529   f1:0.7867647058823529   uf1:0.7120955600631057   uar:0.6844399460188935
[56, 0, 0, 1, 0]
[2, 5, 3, 2, 0]
[4, 1, 16, 5, 0]
[1, 0, 3, 21, 1]
[0, 0, 3, 3, 9]
samm-5c   acc:0.8308823529411765   f1:0.8308823529411766   uf1:0.768581939799331   uar:0.7696491228070175
[55, 0, 0, 0, 2]
[0, 7, 3, 2, 0]
[3, 2, 18, 1, 2]
[0, 2, 2, 21, 1]
[0, 0, 1, 2, 12]
samm-5c   acc:0.7941176470588235   f1:0.7941176470588235   uf1:0.7195169082125604   uar:0.6921322537112011
[56, 0, 0, 1, 0]
[1, 5, 3, 3, 0]
[2, 0, 24, 0, 0]
[4, 1, 7, 14, 0]
[0, 0, 4, 2, 9]
samm-3c   acc:0.9097744360902256   f1:0.9097744360902256   uf1:0.8523214155150983   uar:0.7991452991452991
[92, 0, 0]
[7, 19, 0]
[3, 2, 10]
samm-3c   acc:0.8947368421052632   f1:0.8947368421052632   uf1:0.8343411438649534   uar:0.81049795615013
[89, 2, 1]
[6, 19, 1]
[2, 2, 11]
samm-3c   acc:0.9097744360902256   f1:0.9097744360902256   uf1:0.866884888161484   uar:0.8361389817911556
[89, 3, 0]
[5, 21, 0]
[2, 2, 11]
samm-3c   acc:0.9022556390977443   f1:0.9022556390977443   uf1:0.8508677598373587   uar:0.8235228539576367
[90, 1, 1]
[7, 18, 1]
[2, 1, 12]
samm-3c   acc:0.8721804511278195   f1:0.8721804511278195   uf1:0.7875748194014448   uar:0.7532329988851728
[89, 3, 0]
[7, 18, 1]
[2, 4, 9]
samm-3c   acc:0.8947368421052632   f1:0.8947368421052632   uf1:0.8310017271157167   uar:0.7827015979189892
[91, 1, 0]
[8, 18, 0]
[2, 3, 10]
samm-3c   acc:0.8872180451127819   f1:0.8872180451127819   uf1:0.8154443412483801   uar:0.7790784095131921
[90, 1, 1]
[8, 18, 0]
[1, 4, 10]
samm-3c   acc:0.8872180451127819   f1:0.8872180451127819   uf1:0.8187360230370982   uar:0.7974730583426236
[88, 4, 0]
[5, 20, 1]
[1, 4, 10]
samm-3c   acc:0.9022556390977443   f1:0.9022556390977443   uf1:0.8641154452324665   uar:0.8235228539576367
[90, 2, 0]
[8, 18, 0]
[2, 1, 12]
samm-3c   acc:0.8796992481203008   f1:0.8796992481203008   uf1:0.817717114947143   uar:0.7846525455221106
[88, 4, 0]
[7, 19, 0]
[1, 4, 10]
smic-3c   acc:0.774390243902439   f1:0.7743902439024389   uf1:0.7704456574021791   uar:0.7542223090786702
[64, 4, 2]
[18, 32, 1]
[9, 3, 31]
smic-3c   acc:0.7987804878048781   f1:0.7987804878048782   uf1:0.8018052377320112   uar:0.7923262328187088
[60, 4, 6]
[15, 36, 0]
[7, 1, 35]
smic-3c   acc:0.7865853658536586   f1:0.7865853658536586   uf1:0.7818981728367341   uar:0.7763641890864873
[63, 2, 5]
[19, 29, 3]
[6, 0, 37]
smic-3c   acc:0.7987804878048781   f1:0.7987804878048782   uf1:0.7970944044769549   uar:0.7947582133628645
[60, 2, 8]
[14, 34, 3]
[5, 1, 37]
smic-3c   acc:0.7987804878048781   f1:0.7987804878048782   uf1:0.7974055056916706   uar:0.7898942522745532
[60, 5, 5]
[11, 38, 2]
[8, 2, 33]
smic-3c   acc:0.7682926829268293   f1:0.7682926829268293   uf1:0.7663879415603553   uar:0.7656265607018001
[58, 5, 7]
[16, 31, 4]
[6, 0, 37]
smic-3c   acc:0.7926829268292683   f1:0.7926829268292683   uf1:0.7930001531850218   uar:0.7922285193147026
[55, 10, 5]
[7, 42, 2]
[7, 3, 33]
smic-3c   acc:0.7926829268292683   f1:0.7926829268292683   uf1:0.7925676201257487   uar:0.7905543612793955
[58, 4, 8]
[13, 36, 2]
[5, 2, 36]
smic-3c   acc:0.7865853658536586   f1:0.7865853658536586   uf1:0.7829996177296632   uar:0.7715002279981761
[63, 3, 4]
[16, 33, 2]
[8, 2, 33]
smic-3c   acc:0.8048780487804879   f1:0.8048780487804877   uf1:0.8048119352467179   uar:0.8096063231494148
[56, 8, 6]
[9, 38, 4]
[3, 2, 38]
full-3c   acc:0.8984547461368654   f1:0.8984547461368654   uf1:0.8858503031843994   uar:0.8768224166133276
[243, 8, 7]
[17, 89, 3]
[10, 1, 75]
full-3c   acc:0.8852097130242825   f1:0.8852097130242825   uf1:0.8649213624669225   uar:0.8587345613161701
[241, 9, 8]
[15, 89, 5]
[10, 5, 71]
full-3c   acc:0.8852097130242825   f1:0.8852097130242825   uf1:0.8688898867744038   uar:0.8692008629068582
[236, 13, 9]
[14, 92, 3]
[7, 6, 73]
full-3c   acc:0.8874172185430463   f1:0.8874172185430463   uf1:0.8682019535720652   uar:0.8597657824241992
[244, 7, 7]
[20, 83, 6]
[8, 3, 75]
full-3c   acc:0.8984547461368654   f1:0.8984547461368654   uf1:0.8883457020797781   uar:0.8847047388758504
[239, 11, 8]
[15, 92, 2]
[9, 1, 76]
full-3c   acc:0.8984547461368654   f1:0.8984547461368654   uf1:0.8800111606696642   uar:0.8741080530071356
[245, 5, 8]
[16, 86, 7]
[8, 2, 76]
full-3c   acc:0.9006622516556292   f1:0.9006622516556292   uf1:0.8841118493938994   uar:0.8737643126377925
[246, 4, 8]
[18, 88, 3]
[8, 4, 74]
full-3c   acc:0.8874172185430463   f1:0.8874172185430463   uf1:0.8730554969833421   uar:0.8660123746532964
[240, 9, 9]
[18, 88, 3]
[10, 2, 74]
full-3c   acc:0.8940397350993378   f1:0.8940397350993377   uf1:0.8800110178828714   uar:0.870836592940284
[242, 6, 10]
[17, 90, 2]
[11, 2, 73]
full-3c   acc:0.9050772626931567   f1:0.9050772626931568   uf1:0.8924787308333526   uar:0.8806983856055757
[246, 2, 10]
[18, 89, 2]
[10, 1, 75]


ce weighted

casme¢ò-5c   acc:0.8273092369477911   f1:0.8273092369477912   uf1:0.8196189467455326   uar:0.8332641895141896
[59, 2, 1, 1, 0]
[0, 23, 6, 1, 2]
[12, 7, 76, 2, 2]
[1, 3, 1, 22, 0]
[0, 0, 1, 1, 26]
casme¢ò-5c   acc:0.8232931726907631   f1:0.8232931726907632   uf1:0.8074656378104654   uar:0.8102032227032228
[54, 2, 6, 1, 0]
[3, 22, 3, 4, 0]
[8, 2, 83, 4, 2]
[2, 2, 3, 19, 1]
[0, 0, 1, 0, 27]
casme¢ò-5c   acc:0.8273092369477911   f1:0.8273092369477912   uf1:0.8159053808352297   uar:0.8249188311688311
[52, 2, 5, 0, 4]
[1, 23, 5, 2, 1]
[11, 1, 83, 3, 1]
[0, 4, 2, 21, 0]
[0, 0, 0, 1, 27]
casme¢ò-5c   acc:0.8594377510040161   f1:0.8594377510040161   uf1:0.849495173642595   uar:0.8628848003848004
[55, 4, 4, 0, 0]
[0, 26, 2, 1, 3]
[5, 6, 84, 3, 1]
[1, 2, 1, 23, 0]
[0, 1, 1, 0, 26]
casme¢ò-5c   acc:0.8032128514056225   f1:0.8032128514056225   uf1:0.7812471598879365   uar:0.7648388648388649
[53, 0, 9, 1, 0]
[1, 24, 6, 0, 1]
[10, 2, 85, 2, 0]
[2, 5, 7, 13, 0]
[1, 0, 0, 2, 25]
casme¢ò-5c   acc:0.8313253012048193   f1:0.8313253012048193   uf1:0.8227501433419416   uar:0.8164261664261664
[53, 2, 8, 0, 0]
[1, 24, 4, 1, 2]
[10, 2, 85, 2, 0]
[1, 5, 2, 19, 0]
[0, 1, 1, 0, 26]
casme¢ò-5c   acc:0.8192771084337349   f1:0.819277108433735   uf1:0.8130334781092108   uar:0.8074224386724387
[53, 0, 9, 1, 0]
[0, 27, 4, 0, 1]
[6, 7, 82, 3, 1]
[0, 3, 6, 18, 0]
[1, 0, 2, 1, 24]
casme¢ò-5c   acc:0.8192771084337349   f1:0.819277108433735   uf1:0.8087680301322566   uar:0.8259018759018758
[52, 2, 6, 0, 3]
[1, 24, 4, 2, 1]
[6, 8, 80, 5, 0]
[0, 2, 1, 24, 0]
[2, 0, 0, 2, 24]
casme¢ò-5c   acc:0.8112449799196787   f1:0.8112449799196787   uf1:0.7927631059918994   uar:0.7986622174122173
[52, 1, 6, 2, 2]
[1, 21, 5, 5, 0]
[6, 3, 83, 6, 1]
[2, 2, 0, 23, 0]
[0, 0, 4, 1, 23]
casme¢ò-5c   acc:0.8353413654618473   f1:0.8353413654618473   uf1:0.8137686954622975   uar:0.823100048100048
[57, 1, 4, 1, 0]
[0, 20, 3, 8, 1]
[8, 4, 83, 4, 0]
[1, 1, 0, 25, 0]
[0, 0, 3, 2, 23]
casme¢ò-3c   acc:0.9358974358974359   f1:0.9358974358974359   uf1:0.9265600129768748   uar:0.9136904761904763
[93, 2, 1]
[5, 27, 0]
[2, 0, 26]
casme¢ò-3c   acc:0.9230769230769231   f1:0.9230769230769231   uf1:0.910768703989043   uar:0.8928571428571429
[93, 2, 1]
[7, 25, 0]
[2, 0, 26]
casme¢ò-3c   acc:0.8846153846153846   f1:0.8846153846153846   uf1:0.8684851588077395   uar:0.8874007936507936
[85, 5, 6]
[5, 26, 1]
[1, 0, 27]
casme¢ò-3c   acc:0.9294871794871795   f1:0.9294871794871795   uf1:0.912557429798809   uar:0.8978174603174603
[94, 0, 2]
[7, 24, 1]
[1, 0, 27]
casme¢ò-3c   acc:0.9294871794871795   f1:0.9294871794871795   uf1:0.9201551662691557   uar:0.9171626984126983
[91, 3, 2]
[4, 28, 0]
[2, 0, 26]
casme¢ò-3c   acc:0.8974358974358975   f1:0.8974358974358975   uf1:0.8820822234469246   uar:0.8859126984126983
[88, 6, 2]
[5, 26, 1]
[2, 0, 26]
casme¢ò-3c   acc:0.9358974358974359   f1:0.9358974358974359   uf1:0.9206852424920164   uar:0.8983134920634921
[95, 1, 0]
[5, 26, 1]
[3, 0, 25]
casme¢ò-3c   acc:0.9038461538461539   f1:0.9038461538461539   uf1:0.8886628728752104   uar:0.8754960317460316
[91, 3, 2]
[8, 24, 0]
[2, 0, 26]
casme¢ò-3c   acc:0.9102564102564102   f1:0.9102564102564102   uf1:0.9011614194796826   uar:0.9136904761904763
[87, 6, 3]
[3, 29, 0]
[2, 0, 26]
casme¢ò-3c   acc:0.9230769230769231   f1:0.9230769230769231   uf1:0.9061707012732837   uar:0.8928571428571429
[93, 1, 2]
[6, 25, 1]
[2, 0, 26]
samm-5c   acc:0.8014705882352942   f1:0.8014705882352942   uf1:0.7388523505084996   uar:0.7129824561403508
[55, 0, 0, 2, 0]
[0, 6, 1, 5, 0]
[1, 1, 18, 6, 0]
[3, 0, 1, 21, 1]
[0, 0, 5, 1, 9]
samm-5c   acc:0.8014705882352942   f1:0.8014705882352942   uf1:0.7423815288827394   uar:0.7413630229419702
[56, 0, 0, 0, 1]
[1, 9, 2, 0, 0]
[1, 1, 17, 4, 3]
[3, 2, 1, 17, 3]
[0, 0, 3, 2, 10]
samm-5c   acc:0.8161764705882353   f1:0.8161764705882353   uf1:0.7857176589644123   uar:0.7567476383265856
[56, 0, 0, 1, 0]
[0, 9, 2, 1, 0]
[2, 1, 19, 4, 0]
[6, 0, 3, 17, 0]
[0, 0, 5, 0, 10]
samm-5c   acc:0.8014705882352942   f1:0.8014705882352942   uf1:0.7595387985702755   uar:0.7359649122807017
[53, 0, 2, 2, 0]
[2, 7, 0, 3, 0]
[5, 2, 16, 3, 0]
[1, 0, 2, 23, 0]
[0, 0, 3, 2, 10]
samm-5c   acc:0.8529411764705882   f1:0.8529411764705882   uf1:0.792170093801997   uar:0.7762348178137652
[56, 0, 0, 1, 0]
[0, 5, 4, 3, 0]
[1, 0, 20, 4, 1]
[2, 0, 1, 22, 1]
[0, 0, 2, 0, 13]
samm-5c   acc:0.7867647058823529   f1:0.7867647058823529   uf1:0.726309067688378   uar:0.7157894736842105
[52, 1, 1, 3, 0]
[0, 6, 3, 2, 1]
[1, 1, 18, 6, 0]
[2, 1, 1, 21, 1]
[0, 0, 5, 0, 10]
samm-5c   acc:0.8014705882352942   f1:0.8014705882352942   uf1:0.7354289371151529   uar:0.7194736842105263
[54, 0, 1, 1, 1]
[0, 5, 5, 2, 0]
[2, 0, 21, 3, 0]
[2, 0, 3, 18, 3]
[0, 0, 2, 2, 11]
samm-5c   acc:0.7867647058823529   f1:0.7867647058823529   uf1:0.7110721051422793   uar:0.6967476383265856
[56, 0, 1, 0, 0]
[1, 7, 1, 3, 0]
[5, 1, 15, 4, 1]
[0, 0, 3, 21, 2]
[0, 2, 1, 4, 8]
samm-5c   acc:0.8235294117647058   f1:0.8235294117647058   uf1:0.7703433289873968   uar:0.7667476383265857
[56, 1, 0, 0, 0]
[1, 8, 1, 2, 0]
[2, 3, 16, 3, 2]
[2, 0, 3, 20, 1]
[0, 0, 2, 1, 12]
samm-5c   acc:0.8235294117647058   f1:0.8235294117647058   uf1:0.7573445726116533   uar:0.747948717948718
[57, 0, 0, 0, 0]
[2, 7, 1, 1, 1]
[2, 2, 18, 4, 0]
[2, 2, 0, 19, 3]
[0, 0, 4, 0, 11]
samm-3c   acc:0.8947368421052632   f1:0.8947368421052632   uf1:0.8370099036765705   uar:0.8010962467484206
[89, 3, 0]
[6, 20, 0]
[2, 3, 10]
samm-3c   acc:0.9022556390977443   f1:0.9022556390977443   uf1:0.8424606206118811   uar:0.8327201783723522
[89, 1, 2]
[6, 19, 1]
[0, 3, 12]
samm-3c   acc:0.9097744360902256   f1:0.9097744360902256   uf1:0.8590720500178142   uar:0.8085470085470085
[92, 0, 0]
[8, 18, 0]
[2, 2, 11]
samm-3c   acc:0.9022556390977443   f1:0.9022556390977443   uf1:0.8405372405372405   uar:0.8047194351542178
[90, 2, 0]
[6, 20, 0]
[1, 4, 10]
samm-3c   acc:0.9097744360902256   f1:0.9097744360902256   uf1:0.8727873578371917   uar:0.817948717948718
[92, 0, 0]
[9, 17, 0]
[3, 0, 12]
samm-3c   acc:0.8872180451127819   f1:0.8872180451127819   uf1:0.7998920377867748   uar:0.7696767001114827
[90, 1, 1]
[6, 19, 1]
[2, 4, 9]
samm-3c   acc:0.9022556390977443   f1:0.9022556390977443   uf1:0.8498304164970832   uar:0.8139167595689334
[89, 3, 0]
[5, 21, 0]
[3, 2, 10]
samm-3c   acc:0.9022556390977443   f1:0.9022556390977443   uf1:0.8486456836477695   uar:0.8233184689706429
[89, 3, 0]
[5, 20, 1]
[2, 2, 11]
samm-3c   acc:0.8796992481203008   f1:0.8796992481203008   uf1:0.8151781570327935   uar:0.7848569305091044
[89, 3, 0]
[8, 17, 1]
[1, 3, 11]
samm-3c   acc:0.9022556390977443   f1:0.9022556390977443   uf1:0.8398654076103309   uar:0.8143255295429208
[91, 1, 0]
[7, 17, 2]
[1, 2, 12]
smic-3c   acc:0.7987804878048781   f1:0.7987804878048782   uf1:0.8014880715124653   uar:0.8077345666948951
[52, 7, 11]
[6, 43, 2]
[7, 0, 36]
smic-3c   acc:0.7987804878048781   f1:0.7987804878048782   uf1:0.8036346675609609   uar:0.7994224046207631
[56, 9, 5]
[11, 40, 0]
[6, 2, 35]
smic-3c   acc:0.7926829268292683   f1:0.7926829268292683   uf1:0.7905748869604291   uar:0.7810262089331856
[62, 4, 4]
[15, 34, 2]
[7, 2, 34]
smic-3c   acc:0.8048780487804879   f1:0.8048780487804877   uf1:0.8023569023569023   uar:0.7935400516795865
[63, 2, 5]
[16, 34, 1]
[5, 3, 35]
smic-3c   acc:0.823170731707317   f1:0.823170731707317   uf1:0.8244018499031918   uar:0.8179119709899464
[61, 3, 6]
[12, 38, 1]
[6, 1, 36]
smic-3c   acc:0.7865853658536586   f1:0.7865853658536586   uf1:0.7816387816387816   uar:0.787108331704775
[59, 2, 9]
[17, 30, 4]
[2, 1, 40]
smic-3c   acc:0.7926829268292683   f1:0.7926829268292683   uf1:0.7955257983952388   uar:0.7904544763641891
[56, 9, 5]
[9, 41, 1]
[9, 1, 33]
smic-3c   acc:0.7682926829268293   f1:0.7682926829268293   uf1:0.7692618675013042   uar:0.7690747616876208
[54, 7, 9]
[9, 38, 4]
[9, 0, 34]
smic-3c   acc:0.7865853658536586   f1:0.7865853658536586   uf1:0.7889982226259161   uar:0.7815864330228215
[58, 6, 6]
[13, 37, 1]
[8, 1, 34]
smic-3c   acc:0.8170731707317073   f1:0.8170731707317073   uf1:0.8226633119001026   uar:0.8166981521290687
[58, 7, 5]
[11, 40, 0]
[7, 0, 36]
full-3c   acc:0.8896247240618101   f1:0.8896247240618101   uf1:0.8755320752322252   uar:0.8698883436455445
[240, 9, 9]
[17, 88, 4]
[10, 1, 75]
full-3c   acc:0.9116997792494481   f1:0.9116997792494481   uf1:0.8974576067637029   uar:0.9003389991228694
[241, 10, 7]
[8, 95, 6]
[7, 2, 77]
full-3c   acc:0.9006622516556292   f1:0.9006622516556292   uf1:0.8876753164222211   uar:0.8866842092786192
[241, 10, 7]
[15, 88, 6]
[7, 0, 79]
full-3c   acc:0.8962472406181016   f1:0.8962472406181016   uf1:0.878345125997125   uar:0.8668302396700093
[246, 4, 8]
[17, 87, 5]
[11, 2, 73]
full-3c   acc:0.9006622516556292   f1:0.9006622516556292   uf1:0.8866286502133324   uar:0.8895289571628382
[238, 14, 6]
[9, 94, 6]
[8, 2, 76]
full-3c   acc:0.8940397350993378   f1:0.8940397350993377   uf1:0.8814379939642151   uar:0.8821207595476851
[237, 10, 11]
[14, 92, 3]
[8, 2, 76]
full-3c   acc:0.8940397350993378   f1:0.8940397350993377   uf1:0.8756497092503911   uar:0.8700187279235712
[242, 11, 5]
[11, 91, 7]
[12, 2, 72]
full-3c   acc:0.8984547461368654   f1:0.8984547461368654   uf1:0.88579410631987   uar:0.8795367802195196
[241, 9, 8]
[14, 92, 3]
[11, 1, 74]
full-3c   acc:0.8984547461368654   f1:0.8984547461368654   uf1:0.8850480721577956   uar:0.8890548325154682
[237, 11, 10]
[12, 93, 4]
[6, 3, 77]
full-3c   acc:0.9006622516556292   f1:0.9006622516556292   uf1:0.8910547269108063   uar:0.8869449778346729
[239, 12, 7]
[14, 94, 1]
[9, 2, 75]
